1	1
2	2
3	3
4	4
5	5
6	6
7	7
8	8
9	9
10	10
11	11
12	12
13	13
14	14
15	15
16	16
17	17
18	18
19	19
20	20
21	21
22	22
23	23
24	24
25	25
26	26
27	27
28	28
29	29
30	30
31	31
32	32
33	33
34	34
35	35
36	36
37	37
38	38
39	39
40	40
41	41
42	42
43	43
44	44
45	45
46	46
47	47
48	48
49	49
50	50
51	51
52	52
53	53
54	54
55	55
56	56
57	57
58	58
59	59
60	60
61	61
62	62
63	63
64	64
65	65
66	66
67	67
68	68
69	69
70	70
71	71
72	72
73	73
74	74
75	75
76	76
77	77
78	78
79	79
80	80
81	81
82	82
83	83
84	84
85	85
86	86
87	87
88	88
89	89
90	90
91	91
92	92
93	93
94	94
95	95
96	96
97	97
98	98
99	99
100	100
101	101
102	102
103	103
104	104
105	105
106	106
107	107
108	108
109	109
110	110
111	111
112	112
113	113
114	114
115	115
116	116
117	117
118	118
119	119
120	120
121	121
122	122
123	123
124	124
125	125
126	126
127	127
128	128
129	129
130	130
131	131
132	135
133	136
134	137
135	138
136	139
137	140
138	141
139	142
140	143
141	144
142	145
143	146
144	147
145	148
146	149
147	150
148	151
149	152
150	153
151	154
152	155
153	156
154	157
155	158
156	159
157	160
158	161
159	162
160	163
161	164
162	165
163	166
164	167
165	168
166	169
167	170
168	171
169	172
170	173
171	174
172	175
173	176
174	177
175	178
176	179
177	180
178	181
179	182
180	183
181	184
182	185
183	186
184	187
185	188
186	189
187	190
188	191
189	192
190	193
191	194
192	195
193	196
194	197
195	198
196	199
197	200
198	201
199	202
200	203
201	204
202	205
203	206
204	207
205	208
206	209
207	210
208	211
209	212
210	213
211	214
212	215
213	216
214	217
215	218
216	219
217	220
218	221
219	222
220	223
221	224
222	225
223	226
224	227
225	228
226	229
227	230
228	231
229	232
230	233
231	234
232	235
233	236
234	237
235	238
236	239
237	240
238	241
239	242
240	243
241	244
242	245
243	246
244	247
245	251
246	252
247	253
248	254
249	255
250	256
251	257
252	258
253	259
254	263
255	264
256	265
257	266
258	267
259	268
260	269
261	270
262	271
263	272
264	273
265	274
266	275
267	276
268	277
269	278
270	279
271	280
272	281
273	282
274	283
275	284
276	285
277	286
278	287
279	288
280	289
281	290
282	291
283	292
284	293
285	294
286	295
287	296
288	297
289	298
290	299
291	300
292	301
293	302
294	303
295	304
296	305
297	306
298	307
299	308
300	309
301	310
302	311
303	312
304	313
305	314
306	315
307	316
308	317
309	318
310	319
311	320
312	321
313	322
314	323
315	324
316	325
317	326
318	327
319	328
320	329
321	330
322	331
323	332
324	333
325	334
326	335
327	336
328	337
329	338
330	339
331	340
332	341
333	342
334	343
335	344
336	345
337	346
338	347
339	348
340	349
341	350
342	351
343	352
344	353
345	354
346	355
347	356
348	357
349	358
350	359
351	360
352	361
353	362
354	363
355	364
356	365
357	366
358	367
359	368
360	369
361	370
362	371
363	372
364	373
365	374
366	375
367	376
368	377
369	378
370	379
371	380
372	381
373	382
374	383
375	384
376	385
377	386
378	387
379	388
380	389
381	390
382	391
383	392
384	393
385	394
386	395
387	396
388	397
389	398
390	399
391	400
392	401
393	402
394	403
395	404
396	405
397	406
398	407
399	408
400	409
401	410
402	411
403	412
404	413
405	414
406	415
407	416
408	417
409	418
410	419
411	420
412	421
413	422
414	423
415	424
416	425
417	426
418	427
419	428
420	429
421	430
422	431
423	432
424	433
425	434
426	435
427	436
428	437
429	438
430	439
431	440
432	441
433	442
434	443
435	444
436	445
437	446
438	447
439	448
440	449
441	450
442	451
443	452
444	453
445	454
446	455
447	456
448	457
449	458
450	459
451	460
452	461
453	462
454	463
455	464
456	465
457	466
458	467
459	468
460	469
461	470
462	471
463	472
464	473
465	474
466	475
467	476
468	477
469	478
470	479
471	480
472	481
473	482
474	483
475	484
476	485
477	486
478	487
479	488
480	489
481	490
482	491
483	492
484	493
485	494
486	495
487	496
488	497
489	498
490	499
491	500
492	501
493	502
494	503
495	504
496	505
497	506
498	507
499	508
500	509
501	510
502	511
503	512
504	513
505	514
506	515
507	516
508	517
509	518
510	519
511	520
512	521
513	522
514	523
515	524
516	525
517	526
518	527
519	528
520	529
521	530
522	531
523	532
524	533
525	534
526	535
527	536
528	537
529	538
530	539
531	540
532	541
533	542
534	543
535	544
536	545
537	546
538	547
539	548
540	549
541	550
542	551
543	552
544	553
545	554
546	555
547	556
548	557
549	558
550	559
551	560
552	561
553	562
554	563
555	564
556	565
557	566
558	567
559	568
560	569
561	570
562	571
563	572
564	573
565	574
566	575
567	576
568	577
569	578
570	579
571	580
572	581
573	582
574	583
575	584
576	585
577	586
578	587
579	588
580	589
581	590
582	591
583	592
584	593
585	594
586	595
587	596
588	597
589	598
590	599
591	600
592	601
593	602
594	603
595	604
596	605
597	606
598	607
599	608
600	609
601	610
602	611
603	612
604	613
605	614
606	615
607	616
608	617
609	618
610	619
611	620
612	621
613	622
614	623
615	624
616	625
617	626
618	627
619	628
620	629
621	630
622	631
623	632
624	633
625	634
626	635
627	636
628	637
629	638
630	639
631	640
632	641
633	642
634	643
635	644
636	645
637	646
638	647
639	648
640	649
641	650
642	651
643	652
644	653
645	654
646	655
647	656
648	657
649	658
650	659
651	660
652	661
653	662
654	663
655	664
656	665
657	666
658	667
659	668
660	669
661	670
662	671
663	672
664	673
665	674
666	675
667	676
668	677
669	678
670	679
671	680
672	681
673	682
674	683
675	684
676	685
677	686
678	687
679	688
680	689
681	690
682	691
683	692
684	693
685	694
686	695
687	696
688	697
689	698
690	699
691	700
692	701
693	702
694	703
695	704
696	705
697	706
698	707
699	708
700	709
701	710
702	711
703	712
704	713
705	714
706	715
707	716
708	717
709	718
710	719
711	720
712	721
713	722
714	723
715	724
716	725
717	726
718	727
719	728
720	729
721	730
722	731
723	732
724	733
725	734
726	735
727	736
728	737
729	738
730	739
731	740
732	741
733	742
734	743
735	744
736	745
737	746
738	747
739	748
740	749
741	750
742	751
743	752
744	753
745	754
746	755
747	756
748	757
749	758
750	759
751	760
752	761
753	762
754	763
755	768
756	769
757	770
758	771
759	772
760	773
761	774
762	775
763	776
764	777
765	778
766	779
767	780
768	781
769	782
770	783
771	784
772	785
773	786
774	787
775	788
776	789
777	790
778	791
779	792
780	793
781	794
782	795
783	796
784	797
785	798
786	799
787	800
788	801
789	802
790	803
791	804
792	805
793	806
794	807
795	808
796	809
797	810
798	811
799	812
800	813
801	814
802	815
803	816
804	817
805	818
806	819
807	820
808	821
809	822
810	823
811	824
812	825
813	826
814	827
815	828
816	829
817	830
818	831
819	832
820	833
821	834
822	835
823	836
824	837
825	838
826	839
827	840
828	841
829	842
830	843
831	844
832	845
833	846
834	847
835	848
836	849
837	850
838	851
839	852
840	853
841	854
842	855
843	856
844	857
845	858
846	859
847	860
848	861
849	862
850	863
851	864
852	865
853	866
854	867
855	868
856	869
857	870
858	871
859	872
860	873
861	874
862	875
863	876
864	877
865	878
866	879
867	880
868	881
869	882
870	883
871	884
872	885
873	886
874	887
875	888
876	889
877	890
878	891
879	892
880	893
881	894
882	895
883	896
884	897
885	898
886	899
887	900
888	901
889	902
890	903
891	904
892	905
893	906
894	907
895	908
896	909
897	910
898	911
899	912
900	913
901	914
902	915
903	916
904	917
905	918
906	919
907	920
908	921
909	922
910	923
911	924
912	925
913	926
914	927
915	928
916	929
917	930
918	931
919	932
920	933
921	934
922	935
923	936
924	937
925	938
926	939
927	940
928	941
929	942
930	943
931	944
932	945
933	946
934	947
935	948
936	949
937	950
938	951
939	952
940	953
941	954
942	955
943	956
944	957
945	958
946	959
947	960
948	961
949	962
950	963
951	964
952	965
953	966
954	967
955	968
956	969
957	970
958	971
959	972
960	973
961	974
962	975
963	976
964	977
965	978
966	979
967	980
968	981
969	982
970	983
971	984
972	985
973	986
974	987
975	988
976	989
977	990
978	991
979	992
980	993
981	994
982	995
983	996
984	997
985	998
986	999
987	1000
988	1001
989	1002
990	1003
991	1004
992	1005
993	1006
994	1007
995	1008
996	1009
997	1010
998	1011
999	1012
1000	1013
1001	1014
1002	1015
1003	1016
1004	1017
1005	1018
1006	1019
1007	1020
1008	1021
1009	1022
1010	1023
1011	1024
1012	1025
1013	1026
1014	1027
1015	1028
1016	1029
1017	1030
1018	1031
1019	1032
1020	1033
1021	1034
1022	1035
1023	1036
1024	1037
1025	1038
1026	1039
1027	1040
1028	1041
1029	1042
1030	1043
1031	1044
1032	1045
1033	1046
1034	1047
1035	1048
1036	1049
1037	1050
1038	1051
1039	1052
1040	1053
1041	1054
1042	1055
1043	1056
1044	1057
1045	1058
1046	1059
1047	1060
1048	1061
1049	1062
1050	1063
1051	1064
1052	1065
1053	1066
1054	1067
1055	1068
1056	1069
1057	1070
1058	1071
1059	1072
1060	1073
1061	1074
1062	1075
1063	1076
1064	1077
1065	1078
1066	1079
1067	1080
1068	1081
1069	1082
1070	1083
1071	1084
1072	1085
1073	1086
1074	1087
1075	1088
1076	1089
1077	1090
1078	1091
1079	1092
1080	1093
1081	1094
1082	1095
1083	1096
1084	1097
1085	1098
1086	1099
1087	1100
1088	1101
1089	1102
1090	1103
1091	1104
1092	1105
1093	1106
1094	1107
1095	1108
1096	1109
1097	1110
1098	1111
1099	1112
1100	1113
1101	1114
1102	1115
1103	1116
1104	1117
1105	1118
1106	1119
1107	1120
1108	1121
1109	1122
1110	1123
1111	1124
1112	1125
1113	1126
1114	1127
1115	1128
1116	1129
1117	1130
1118	1131
1119	1132
1120	1133
1121	1134
1122	1135
1123	1136
1124	1137
1125	1138
1126	1139
1127	1140
1128	1141
1129	1142
1130	1143
1131	1144
1132	1145
1133	1146
1134	1147
1135	1148
1136	1149
1137	1150
1138	1151
1139	1152
1140	1153
1141	1154
1142	1155
1143	1156
1144	1157
1145	1158
1146	1159
1147	1160
1148	1161
1149	1162
1150	1163
1151	1164
1152	1165
1153	1166
1154	1167
1155	1168
1156	1169
1157	1170
1158	1171
1159	1172
1160	1173
1161	1174
1162	1175
1163	1176
1164	1177
1165	1178
1166	1179
1167	1180
1168	1181
1169	1182
1170	1183
1171	1184
1172	1185
1173	1186
1174	1187
1175	1188
1176	1189
1177	1190
1178	1191
1179	1192
1180	1193
1181	1194
1182	1195
1183	1196
1184	1197
1185	1198
1186	1199
1187	1200
1188	1201
1189	1202
1190	1203
1191	1204
1192	1205
1193	1206
1194	1207
1195	1208
1196	1209
1197	1210
1198	1211
1199	1212
1200	1213
1201	1214
1202	1215
1203	1216
1204	1217
1205	1218
1206	1219
1207	1220
1208	1221
1209	1222
1210	1223
1211	1224
1212	1225
1213	1226
1214	1227
1215	1228
1216	1229
1217	1230
1218	1231
1219	1232
1220	1233
1221	1234
1222	1235
1223	1236
1224	1237
1225	1238
1226	1239
1227	1240
1228	1241
1229	1242
1230	1243
1231	1244
1232	1245
1233	1246
1234	1247
1235	1248
1236	1249
1237	1250
1238	1251
1239	1252
1240	1253
1241	1254
1242	1255
1243	1256
1244	1257
1245	1258
1246	1259
1247	1260
1248	1261
1249	1262
1250	1263
1251	1264
1252	1265
1253	1266
1254	1267
1255	1268
1256	1269
1257	1270
1258	1271
1259	1272
1260	1273
1261	1274
1262	1275
1263	1276
1264	1277
1265	1278
1266	1279
1267	1280
1268	1281
1269	1282
1270	1283
1271	1284
1272	1285
1273	1286
1274	1287
1275	1288
1276	1289
1277	1290
1278	1291
1279	1292
1280	1293
1281	1294
1282	1295
1283	1296
1284	1297
1285	1298
1286	1299
1287	1300
1288	1301
1289	1302
1290	1303
1291	1304
1292	1305
1293	1306
1294	1307
1295	1308
1296	1309
1297	1310
1298	1311
1299	1312
1300	1313
1301	1314
1302	1315
1303	1316
1304	1317
1305	1318
1306	1319
1307	1320
1308	1321
1309	1322
1310	1323
1311	1324
1312	1325
1313	1326
1314	1327
1315	1328
1316	1329
1317	1330
1318	1331
1319	1332
1320	1333
1321	1334
1322	1335
1323	1336
1324	1337
1325	1338
1326	1339
1327	1340
1328	1341
1329	1342
1330	1343
1331	1344
1332	1345
1333	1346
1334	1347
1335	1348
1336	1349
1337	1350
1338	1351
1339	1352
1340	1353
1341	1354
1342	1355
1343	1356
1344	1357
1345	1358
1346	1359
1347	1360
1348	1361
1349	1362
1350	1363
1351	1364
1352	1365
1353	1366
1354	1367
1355	1368
1356	1369
1357	1370
1358	1371
1359	1372
1360	1373
1361	1374
1362	1375
1363	1376
1364	1377
1365	1378
1366	1379
1367	1380
1368	1381
1369	1382
1370	1383
1371	1384
1372	1385
1373	1386
1374	1387
1375	1388
1376	1389
1377	1390
1378	1391
1379	1392
1380	1393
1381	1394
1382	1395
1383	1396
1384	1397
1385	1398
1386	1399
1387	1400
1388	1401
1389	1402
1390	1403
1391	1404
1392	1405
1393	1406
1394	1407
1395	1408
1396	1409
1397	1410
1398	1411
1399	1412
1400	1413
1401	1414
1402	1415
1403	1416
1404	1417
1405	1418
1406	1419
1407	1420
1408	1421
1409	1422
1410	1423
1411	1424
1412	1425
1413	1426
1414	1427
1415	1428
1416	1429
1417	1430
1418	1431
1419	1432
1420	1433
1421	1434
1422	1435
1423	1436
1424	1437
1425	1438
1426	1439
1427	1440
1428	1441
1429	1442
1430	1443
1431	1444
1432	1445
1433	1446
1434	1447
1435	1448
1436	1449
1437	1450
1438	1451
1439	1452
1440	1453
1441	1454
1442	1455
1443	1456
1444	1457
1445	1458
1446	1459
1447	1460
1448	1461
1449	1462
1450	1463
1451	1464
1452	1465
1453	1466
1454	1467
1455	1468
1456	1469
1457	1470
1458	1471
1459	1472
1460	1473
1461	1474
1462	1475
1463	1476
1464	1477
1465	1478
1466	1479
1467	1480
1468	1481
1469	1482
1470	1483
1471	1484
1472	1485
1473	1486
1474	1487
1475	1488
1476	1489
1477	1490
1478	1491
1479	1492
1480	1493
1481	1494
1482	1495
1483	1496
1484	1497
1485	1498
1486	1499
1487	1500
1488	1501
1489	1502
1490	1503
1491	1504
1492	1505
1493	1506
1494	1507
1495	1508
1496	1509
1497	1510
1498	1511
1499	1512
1500	1513
1501	1514
1502	1515
1503	1516
1504	1517
1505	1518
1506	1519
1507	1520
1508	1521
1509	1522
1510	1523
1511	1524
1512	1525
1513	1526
1514	1527
1515	1528
1516	1529
1517	1530
1518	1531
1519	1532
1520	1533
1521	1534
1522	1535
1523	1536
1524	1537
1525	1538
1526	1539
1527	1540
1528	1541
1529	1542
1530	1543
1531	1544
1532	1545
1533	1546
1534	1547
1535	1548
1536	1549
1537	1550
1538	1551
1539	1552
1540	1553
1541	1554
1542	1555
1543	1556
1544	1557
1545	1558
1546	1559
1547	1560
1548	1561
1549	1562
1550	1563
1551	1564
1552	1565
1553	1566
1554	1567
1555	1568
1556	1569
1557	1570
1558	1571
1559	1572
1560	1573
1561	1574
1562	1575
1563	1576
1564	1577
1565	1578
1566	1579
1567	1580
1568	1581
1569	1582
1570	1583
1571	1584
1572	1585
1573	1586
1574	1587
1575	1588
1576	1589
1577	1590
1578	1591
1579	1592
1580	1593
1581	1594
1582	1595
1583	1596
1584	1597
1585	1598
1586	1599
1587	1600
1588	1601
1589	1602
1590	1603
1591	1604
1592	1605
1593	1606
1594	1607
1595	1608
1596	1609
1597	1610
1598	1611
1599	1612
1600	1613
1601	1614
1602	1615
1603	1616
1604	1617
1605	1618
1606	1619
1607	1620
1608	1621
1609	1622
1610	1623
1611	1624
1612	1625
1613	1626
1614	1627
1615	1628
1616	1629
1617	1630
1618	1631
1619	1632
1620	1633
1621	1634
1622	1635
1623	1636
1624	1637
1625	1638
1626	1639
1627	1640
1628	1641
1629	1642
1630	1643
1631	1644
1632	1645
1633	1646
1634	1647
1635	1648
1636	1649
1637	1650
1638	1651
1639	1652
1640	1653
1641	1654
1642	1655
1643	1656
1644	1657
1645	1658
1646	1659
1647	1660
1648	1661
1649	1662
1650	1663
1651	1664
1652	1665
1653	1666
1654	1667
1655	1668
1656	1669
1657	1670
1658	1671
1659	1672
1660	1673
1661	1674
1662	1675
1663	1676
1664	1677
1665	1678
1666	1679
1667	1680
1668	1681
1669	1682
1670	1683
1671	1684
1672	1685
1673	1686
1674	1687
1675	1688
1676	1689
1677	1690
1678	1691
1679	1692
1680	1693
1681	1694
1682	1695
1683	1696
1684	1697
1685	1698
1686	1699
1687	1700
1688	1701
1689	1702
1690	1703
1691	1704
1692	1705
1693	1706
1694	1707
1695	1708
1696	1709
1697	1710
1698	1711
1699	1712
1700	1713
1701	1714
1702	1715
1703	1716
1704	1717
1705	1718
1706	1719
1707	1720
1708	1721
1709	1722
1710	1723
1711	1724
1712	1725
1713	1726
1714	1727
1715	1728
1716	1729
1717	1730
1718	1731
1719	1732
1720	1733
1721	1734
1722	1735
1723	1736
1724	1737
1725	1738
1726	1739
1727	1740
1728	1741
1729	1742
1730	1743
1731	1744
1732	1745
1733	1746
1734	1747
1735	1748
1736	1749
1737	1750
1738	1751
1739	1752
1740	1753
1741	1754
1742	1755
1743	1756
1744	1757
1745	1758
1746	1759
1747	1760
1748	1761
1749	1762
1750	1763
1751	1764
1752	1765
1753	1766
1754	1767
1755	1768
1756	1769
1757	1770
1758	1771
1759	1772
1760	1773
1761	1774
1762	1775
1763	1776
1764	1777
1765	1778
1766	1779
1767	1780
1768	1781
1769	1782
1770	1783
1771	1784
1772	1785
1773	1786
1774	1787
1775	1788
1776	1789
1777	1790
1778	1791
1779	1792
1780	1793
1781	1794
1782	1795
1783	1796
1784	1797
1785	1798
1786	1799
1787	1800
1788	1801
1789	1802
1790	1803
1791	1804
1792	1805
1793	1806
1794	1807
1795	1808
1796	1809
1797	1810
1798	1811
1799	1812
1800	1813
1801	1814
1802	1815
1803	1816
1804	1817
1805	1818
1806	1819
1807	1820
1808	1821
1809	1822
1810	1823
1811	1824
1812	1825
1813	1826
1814	1827
1815	1828
1816	1829
1817	1830
1818	1831
1819	1832
1820	1833
1821	1834
1822	1835
1823	1836
1824	1837
1825	1838
1826	1839
1827	1840
1828	1841
1829	1842
1830	1843
1831	1844
1832	1845
1833	1846
1834	1847
1835	1848
1836	1849
1837	1850
1838	1851
1839	1852
1840	1853
1841	1854
1842	1855
1843	1856
1844	1857
1845	1858
1846	1859
1847	1860
1848	1861
1849	1862
1850	1863
1851	1864
1852	1865
1853	1866
1854	1867
1855	1868
1856	1869
1857	1870
1858	1871
1859	1872
1860	1873
1861	1874
1862	1875
1863	1876
1864	1877
1865	1878
1866	1879
1867	1880
1868	1881
1869	1882
1870	1883
1871	1884
1872	1885
1873	1886
1874	1887
1875	1888
1876	1889
1877	1890
1878	1891
1879	1892
1880	1893
1881	1894
1882	1895
1883	1896
1884	1897
1885	1898
1886	1899
1887	1900
1888	1901
1889	1902
1890	1903
1891	1904
1892	1905
1893	1906
1894	1907
1895	1908
1896	1909
1897	1910
1898	1911
1899	1912
1900	1913
1901	1914
1902	1915
1903	1916
1904	1917
1905	1918
1906	1919
1907	1920
1908	1921
1909	1922
1910	1923
1911	1924
1912	1925
1913	1926
1914	1927
1915	1928
1916	1929
1917	1930
1918	1931
1919	1932
1920	1933
1921	1934
1922	1935
1923	1936
1924	1937
1925	1938
1926	1939
1927	1940
1928	1941
1929	1942
1930	1943
1931	1944
1932	1945
1933	1946
1934	1947
1935	1948
1936	1949
1937	1950
1938	1951
1939	1952
1940	1953
1941	1954
1942	1955
1943	1956
1944	1957
1945	1958
1946	1959
1947	1960
1948	1961
1949	1962
1950	1963
1951	1964
1952	1965
1953	1966
1954	1967
1955	1968
1956	1969
1957	1970
1958	1971
1959	1972
1960	1973
1961	1974
1962	1975
1963	1976
1964	1977
1965	1978
1966	1979
1967	1980
1968	1981
1969	1982
1970	1983
1971	1984
1972	1985
1973	1986
1974	1987
1975	1988
1976	1989
1977	1990
1978	1991
1979	1992
1980	1993
1981	1994
1982	1995
1983	1996
1984	1997
1985	1998
1986	1999
1987	2000
1988	2001
1989	2002
1990	2003
1991	2004
1992	2005
1993	2006
1994	2007
1995	2008
1996	2009
1997	2010
1998	2011
1999	2012
2000	2013
2001	2014
2002	2015
2003	2016
2004	2017
2005	2018
2006	2019
2007	2020
2008	2021
2009	2022
2010	2023
2011	2024
2012	2025
2013	2026
2014	2027
2015	2028
2016	2029
2017	2030
2018	2031
2019	2032
2020	2033
2021	2034
2022	2035
2023	2036
2024	2037
2025	2038
2026	2039
2027	2040
2028	2041
2029	2042
2030	2043
2031	2044
2032	2045
2033	2046
2034	2047
2035	2048
2036	2049
2037	2050
2038	2051
2039	2052
2040	2053
2041	2054
2042	2055
2043	2056
2044	2057
2045	2058
2046	2059
2047	2060
2048	2061
2049	2062
2050	2063
2051	2064
2052	2065
2053	2066
2054	2067
2055	2068
2056	2069
2057	2070
2058	2071
2059	2072
2060	2073
2061	2074
2062	2075
2063	2076
2064	2077
2065	2078
2066	2079
2067	2080
2068	2081
2069	2082
2070	2083
2071	2084
2072	2085
2073	2086
2074	2087
2075	2088
2076	2089
2077	2090
2078	2091
2079	2092
2080	2093
2081	2094
2082	2095
2083	2096
2084	2097
2085	2098
2086	2099
2087	2100
2088	2101
2089	2102
2090	2103
2091	2104
2092	2105
2093	2106
2094	2107
2095	2108
2096	2109
2097	2110
2098	2111
2099	2112
2100	2113
2101	2114
2102	2115
2103	2116
2104	2117
2105	2118
2106	2119
2107	2120
2108	2121
2109	2122
2110	2123
2111	2124
2112	2125
2113	2126
2114	2127
2115	2128
2116	2129
2117	2130
2118	2131
2119	2132
2120	2133
2121	2134
2122	2135
2123	2136
2124	2137
2125	2138
2126	2139
2127	2140
2128	2141
2129	2142
2130	2143
2131	2144
2132	2145
2133	2146
2134	2147
2135	2148
2136	2149
2137	2150
2138	2151
2139	2152
2140	2153
2141	2154
2142	2155
2143	2156
2144	2157
2145	2158
2146	2159
2147	2160
2148	2161
2149	2162
2150	2163
2151	2164
2152	2165
2153	2166
2154	2167
2155	2168
2156	2169
2157	2170
2158	2171
2159	2172
2160	2173
2161	2174
2162	2175
2163	2176
2164	2177
2165	2178
2166	2179
2167	2180
2168	2181
2169	2182
2170	2183
2171	2184
2172	2185
2173	2186
2174	2187
2175	2188
2176	2189
2177	2190
2178	2191
2179	2192
2180	2193
2181	2194
2182	2195
2183	2196
2184	2197
2185	2198
2186	2199
2187	2200
2188	2201
2189	2202
2190	2203
2191	2204
2192	2205
2193	2206
2194	2207
2195	2208
2196	2209
2197	2210
2198	2211
2199	2212
2200	2213
2201	2214
2202	2215
2203	2216
2204	2217
2205	2218
2206	2219
2207	2220
2208	2221
2209	2222
2210	2223
2211	2224
2212	2225
2213	2226
2214	2227
2215	2228
2216	2229
2217	2230
2218	2231
2219	2232
2220	2233
2221	2234
2222	2235
2223	2236
2224	2237
2225	2238
2226	2239
2227	2240
2228	2241
2229	2242
2230	2243
2231	2244
2232	2245
2233	2246
2234	2247
2235	2248
2236	2249
2237	2250
2238	2251
2239	2252
2240	2253
2241	2254
2242	2255
2243	2256
2244	2257
2245	2258
2246	2259
2247	2260
2248	2261
2249	2262
2250	2263
2251	2264
2252	2265
2253	2266
2254	2267
2255	2268
2256	2269
2257	2270
2258	2271
2259	2272
2260	2273
2261	2274
2262	2275
2263	2276
2264	2277
2265	2278
2266	2279
2267	2280
2268	2281
2269	2282
2270	2283
2271	2284
2272	2285
2273	2286
2274	2287
2275	2288
2276	2289
2277	2290
2278	2291
2279	2292
2280	2293
2281	2294
2282	2295
2283	2296
2284	2297
2285	2298
2286	2299
2287	2300
2288	2301
2289	2302
2290	2303
2291	2304
2292	2305
2293	2306
2294	2307
2295	2308
2296	2309
2297	2310
2298	2311
2299	2312
2300	2313
2301	2314
2302	2315
2303	2316
2304	2317
2305	2318
2306	2319
2307	2320
2308	2321
2309	2322
2310	2323
2311	2324
2312	2325
2313	2326
2314	2327
2315	2328
2316	2329
2317	2330
2318	2331
2319	2332
2320	2333
2321	2334
2322	2335
2323	2336
2324	2337
2325	2338
2326	2339
2327	2340
2328	2341
2329	2342
2330	2343
2331	2344
2332	2345
2333	2346
2334	2347
2335	2348
2336	2349
2337	2350
2338	2351
2339	2352
2340	2353
2341	2354
2342	2355
2343	2356
2344	2357
2345	2358
2346	2359
2347	2360
2348	2361
2349	2362
2350	2363
2351	2364
2352	2365
2353	2366
2354	2367
2355	2368
2356	2369
2357	2370
2358	2371
2359	2372
2360	2373
2361	2374
2362	2375
2363	2376
2364	2377
2365	2378
2366	2379
2367	2380
2368	2381
2369	2382
2370	2383
2371	2384
2372	2385
2373	2386
2374	2387
2375	2388
2376	2389
2377	2390
2378	2391
2379	2392
2380	2393
2381	2394
2382	2395
2383	2396
2384	2397
2385	2398
2386	2399
2387	2400
2388	2401
2389	2402
2390	2403
2391	2404
2392	2405
2393	2406
2394	2407
2395	2408
2396	2409
2397	2410
2398	2411
2399	2412
2400	2413
2401	2414
2402	2415
2403	2416
2404	2417
2405	2418
2406	2419
2407	2420
2408	2421
2409	2422
2410	2423
2411	2424
2412	2425
2413	2426
2414	2427
2415	2428
2416	2429
2417	2430
2418	2431
2419	2432
2420	2433
2421	2434
2422	2435
2423	2436
2424	2437
2425	2438
2426	2439
2427	2440
2428	2441
2429	2442
2430	2443
2431	2444
2432	2445
2433	2446
2434	2447
2435	2448
2436	2449
2437	2450
2438	2451
2439	2452
2440	2453
2441	2454
2442	2455
2443	2456
2444	2457
2445	2458
2446	2459
2447	2460
2448	2461
2449	2462
2450	2463
2451	2464
2452	2465
2453	2466
2454	2467
2455	2468
2456	2469
2457	2470
2458	2471
2459	2472
2460	2473
2461	2474
2462	2475
2463	2476
2464	2477
2465	2478
2466	2479
2467	2480
2468	2481
2469	2482
2470	2483
2471	2484
2472	2485
2473	2486
2474	2487
2475	2488
2476	2489
2477	2490
2478	2491
2479	2492
2480	2493
2481	2494
2482	2495
2483	2496
2484	2497
2485	2498
2486	2499
2487	2500
2488	2501
2489	2502
2490	2503
2491	2504
2492	2505
2493	2506
2494	2507
2495	2508
2496	2509
2497	2510
2498	2511
2499	2512
2500	2513
2501	2514
2502	2515
2503	2516
2504	2517
2505	2518
2506	2519
2507	2520
2508	2521
2509	2522
2510	2523
2511	2524
2512	2525
2513	2526
2514	2527
2515	2528
2516	2529
2517	2530
2518	2531
2519	2532
2520	2533
2521	2534
2522	2535
2523	2536
2524	2537
2525	2538
2526	2539
2527	2540
2528	2541
2529	2542
2530	2543
2531	2544
2532	2545
2533	2546
2534	2547
2535	2548
2536	2549
2537	2550
2538	2551
2539	2552
2540	2553
2541	2554
2542	2555
2543	2556
2544	2557
2545	2558
2546	2559
2547	2560
2548	2561
2549	2562
2550	2563
2551	2564
2552	2565
2553	2566
2554	2567
2555	2568
2556	2569
2557	2570
2558	2571
2559	2572
2560	2573
2561	2574
2562	2575
2563	2576
2564	2577
2565	2578
2566	2579
2567	2580
2568	2581
2569	2582
2570	2583
2571	2584
2572	2585
2573	2586
2574	2587
2575	2588
2576	2589
2577	2590
2578	2591
2579	2592
2580	2593
2581	2594
2582	2595
2583	2596
2584	2597
2585	2598
2586	2599
2587	2600
2588	2601
2589	2602
2590	2603
2591	2604
2592	2605
2593	2606
2594	2607
2595	2608
2596	2609
2597	2610
2598	2611
2599	2612
2600	2613
2601	2614
2602	2615
2603	2616
2604	2617
2605	2618
2606	2619
2607	2620
2608	2621
2609	2622
2610	2623
2611	2624
2612	2625
2613	2626
2614	2627
2615	2628
2616	2629
2617	2630
2618	2631
2619	2632
2620	2633
2621	2634
2622	2635
2623	2636
2624	2637
2625	2638
2626	2639
2627	2640
2628	2641
2629	2642
2630	2643
2631	2644
2632	2645
2633	2646
2634	2647
2635	2648
2636	2649
2637	2650
2638	2651
2639	2652
2640	2653
2641	2654
2642	2655
2643	2656
2644	2657
2645	2658
2646	2659
2647	2660
2648	2661
2649	2662
2650	2663
2651	2664
2652	2665
2653	2666
2654	2667
2655	2668
2656	2669
2657	2670
2658	2671
2659	2672
2660	2673
2661	2674
2662	2675
2663	2676
2664	2677
2665	2678
2666	2679
2667	2680
2668	2681
2669	2682
2670	2683
2671	2684
2672	2685
2673	2686
2674	2687
2675	2688
2676	2689
2677	2690
2678	2691
2679	2692
2680	2693
2681	2694
2682	2695
2683	2696
2684	2697
2685	2698
2686	2699
2687	2700
2688	2701
2689	2702
2690	2703
2691	2704
2692	2705
2693	2706
2694	2707
2695	2708
2696	2709
2697	2710
2698	2711
2699	2712
2700	2713
2701	2714
2702	2715
2703	2716
2704	2717
2705	2718
2706	2719
2707	2720
2708	2721
2709	2722
2710	2723
2711	2724
2712	2725
2713	2726
2714	2727
2715	2728
2716	2729
2717	2730
2718	2731
2719	2732
2720	2733
2721	2734
2722	2735
2723	2736
2724	2737
2725	2738
2726	2739
2727	2740
2728	2741
2729	2742
2730	2743
2731	2744
2732	2745
2733	2746
2734	2747
2735	2748
2736	2749
2737	2750
2738	2751
2739	2752
2740	2753
2741	2754
2742	2755
2743	2756
2744	2757
2745	2758
2746	2759
2747	2760
2748	2761
2749	2762
2750	2763
2751	2764
2752	2765
2753	2766
2754	2767
2755	2768
2756	2769
2757	2770
2758	2771
2759	2772
2760	2773
2761	2774
2762	2775
2763	2776
2764	2777
2765	2778
2766	2779
2767	2780
2768	2781
2769	2782
2770	2783
2771	2784
2772	2785
2773	2786
2774	2787
2775	2788
2776	2789
2777	2790
2778	2791
2779	2792
2780	2793
2781	2794
2782	2795
2783	2796
2784	2797
2785	2798
2786	2799
2787	2800
2788	2801
2789	2802
2790	2803
2791	2804
2792	2805
2793	2806
2794	2807
2795	2808
2796	2809
2797	2810
2798	2811
2799	2812
2800	2813
2801	2814
2802	2815
2803	2816
2804	2817
2805	2818
2806	2819
2807	2820
2808	2821
2809	2822
2810	2823
2811	2824
2812	2825
2813	2826
2814	2827
2815	2828
2816	2829
2817	2830
2818	2831
2819	2832
2820	2833
2821	2834
2822	2835
2823	2836
2824	2837
2825	2838
2826	2839
2827	2840
2828	2841
2829	2842
2830	2843
2831	2844
2832	2845
2833	2846
2834	2847
2835	2848
2836	2849
2837	2850
2838	2851
2839	2852
2840	2853
2841	2854
2842	2855
2843	2856
2844	2857
2845	2858
2846	2859
2847	2860
2848	2861
2849	2862
2850	2863
2851	2864
2852	2865
2853	2866
2854	2867
2855	2868
2856	2869
2857	2870
2858	2871
2859	2872
2860	2873
2861	2874
2862	2875
2863	2876
2864	2877
2865	2878
2866	2879
2867	2880
2868	2881
2869	2882
2870	2883
2871	2884
2872	2885
2873	2886
2874	2887
2875	2888
2876	2889
2877	2890
2878	2891
2879	2892
2880	2893
2881	2894
2882	2895
2883	2896
2884	2897
2885	2898
2886	2899
2887	2900
2888	2901
2889	2902
2890	2903
2891	2904
2892	2905
2893	2906
2894	2907
2895	2908
2896	2909
2897	2910
2898	2911
2899	2912
2900	2913
2901	2914
2902	2915
2903	2916
2904	2917
2905	2918
2906	2919
2907	2920
2908	2921
2909	2922
2910	2923
2911	2924
2912	2925
2913	2926
2914	2927
2915	2928
2916	2929
2917	2930
2918	2931
2919	2932
2920	2933
2921	2934
2922	2935
2923	2936
2924	2937
2925	2938
2926	2939
2927	2940
2928	2941
2929	2942
2930	2943
2931	2944
2932	2945
2933	2946
2934	2947
2935	2948
2936	2949
2937	2950
2938	2951
2939	2952
2940	2953
2941	2954
2942	2955
2943	2956
2944	2957
2945	2958
2946	2959
2947	2960
2948	2963
2949	2964
2950	2965
2951	2966
2952	2967
2953	2968
2954	2969
2955	2970
2956	2971
2957	2972
2958	2973
2959	2974
2960	2975
2961	2976
2962	2977
2963	2978
2964	2979
2965	2980
2966	2981
2967	2982
2968	2983
2969	2984
2970	2985
2971	2986
2972	2987
2973	2988
2974	2989
2975	2990
2976	2991
2977	2992
2978	2993
2979	2994
2980	2995
2981	2996
2982	2997
2983	2998
2984	2999
2985	3000
2986	3001
2987	3002
2988	3003
2989	3004
2990	3005
2991	3006
2992	3007
2993	3008
2994	3009
2995	3010
2996	3011
2997	3012
2998	3014
2999	3015
3000	3016
3001	3017
3002	3018
3003	3019
3004	3020
3005	3021
3006	3022
3007	3023
3008	3024
3009	3025
3010	3026
3011	3027
3012	3028
3013	3029
3014	3030
3015	3031
3016	3032
3017	3033
3018	3034
3019	3035
3020	3036
3021	3037
3022	3038
3023	3039
3024	3040
3025	3041
3026	3042
3027	3043
3028	3044
3029	3045
3030	3046
3031	3047
3032	3048
3033	3049
3034	3050
3035	3051
3036	3052
3037	3053
3038	3054
3039	3055
3040	3056
3041	3057
3042	3058
3043	3059
3044	3060
3045	3061
3046	3062
3047	3063
3048	3064
3049	3065
3050	3066
3051	3067
3052	3068
3053	3069
3054	3070
3055	3071
3056	3072
3057	3073
3058	3074
3059	3075
3060	3076
3061	3077
3062	3078
3063	3079
3064	3080
3065	3081
3066	3082
3067	3083
3068	3084
3069	3085
3070	3086
3071	3087
3072	3088
3073	3089
3074	3090
3075	3091
3076	3092
3077	3093
3078	3094
3079	3095
3080	3096
3081	3097
3082	3098
3083	3099
3084	3100
3085	3101
3086	3102
3087	3103
3088	3104
3089	3105
3090	3106
3091	3107
3092	3108
3093	3109
3094	3110
3095	3111
3096	3112
3097	3113
3098	3114
3099	3115
3100	3117
3101	3118
3102	3119
3103	3120
3104	3121
3105	3122
3106	3123
3107	3124
3108	3125
3109	3126
3110	3127
3111	3128
3112	3129
3113	3130
3114	3131
3115	3132
3116	3133
3117	3134
3118	3135
3119	3136
3120	3137
3121	3138
3122	3139
3123	3140
3124	3141
3125	3142
3126	3143
3127	3144
3128	3145
3129	3146
3130	3147
3131	3148
3132	3149
3133	3150
3134	3151
3135	3152
3136	NA
3137	3153
3138	3154
3139	3155
3140	3156
3141	3157
3142	3158
3143	3159
3144	3161
3145	3162
3146	3163
3147	3164
3148	3165
3149	3166
3150	3167
3151	3168
3152	3169
3153	NA
3154	3170
3155	3171
3156	3172
3157	3178
3158	3179
3159	3180
3160	3181
3161	3182
3162	3183
3163	3184
3164	3185
3165	3186
3166	3187
3167	3188
3168	3190
3169	3191
3170	3192
3171	3194
3172	3195
3173	3196
3174	3197
3175	3198
3176	3199
3177	3200
3178	3201
3179	3202
3180	3203
3181	3204
3182	3205
3183	3206
3184	3207
3185	NA
3186	3208
3187	3209
3188	3210
3189	3211
3190	3212
3191	3213
3192	3214
3193	3215
3194	3216
3195	3217
3196	3218
3197	3219
3198	3220
3199	3221
3200	3222
3201	3223
3202	3224
3203	3225
3204	3226
3205	3227
3206	3228
3207	3229
3208	3230
3209	3231
3210	3232
3211	3233
3212	3234
3213	3235
3214	3236
3215	3237
3216	3238
3217	3239
3218	3240
3219	3241
3220	3242
3221	3243
3222	3244
3223	3245
3224	3246
3225	3247
3226	3248
3227	3249
3228	3250
3229	3251
3230	3252
3231	3253
3232	3254
3233	3255
3234	3256
3235	3257
3236	3258
3237	3259
3238	3260
3239	3261
3240	3262
3241	3263
3242	3264
3243	3265
3244	3266
3245	3267
3246	3268
3247	3269
3248	3270
3249	3271
3250	3272
3251	3273
3252	3274
3253	3275
3254	3276
3255	3277
3256	3278
3257	3279
3258	3280
3259	3281
3260	3282
3261	3283
3262	3284
3263	3285
3264	3286
3265	3287
3266	3288
3267	3289
3268	3290
3269	3291
3270	3292
3271	3293
3272	3294
3273	3295
3274	3296
3275	3297
3276	3298
3277	3299
3278	3300
3279	3301
3280	3302
3281	3303
3282	3304
3283	3305
3284	3306
3285	3307
3286	3308
3287	3309
3288	3310
3289	3311
3290	3312
3291	3313
3292	3314
3293	3315
3294	3316
3295	3317
3296	3318
3297	3319
3298	NA
3299	NA
3300	3320
3301	3321
3302	3322
3303	3323
3304	3325
3305	3326
3306	3327
3307	3328
3308	3329
3309	3330
3310	3331
3311	3332
3312	3333
3313	3334
3314	3335
3315	3336
3316	3337
3317	NA
3318	3338
3319	3339
3320	3340
3321	3341
3322	3342
3323	3343
3324	3344
3325	3345
3326	3346
3327	3347
3328	3348
3329	3349
3330	3350
3331	3351
3332	3352
3333	3353
3334	3354
3335	NA
3336	3355
3337	3356
3338	3357
3339	3358
3340	3359
3341	3360
3342	3361
3343	3362
3344	3363
3345	3364
3346	3365
3347	3366
3348	3367
3349	3368
3350	3369
3351	3370
3352	3371
3353	3372
3354	3373
3355	3374
3356	3375
3357	3376
3358	3377
3359	3378
3360	3380
3361	3381
3362	3382
3363	3383
3364	3384
3365	3385
3366	3386
3367	3387
3368	3388
3369	3389
3370	3390
3371	3391
3372	3392
3373	3393
3374	3394
3375	3395
3376	3396
3377	3397
3378	3398
3379	3399
3380	3400
3381	3401
3382	3402
3383	3403
3384	3404
3385	3405
3386	3406
3387	3407
3388	3408
3389	3409
3390	3410
3391	3411
3392	3412
3393	3413
3394	3414
3395	3415
3396	3416
3397	3417
3398	3418
3399	3419
3400	3420
3401	3421
3402	3422
3403	3423
3404	3424
3405	3425
3406	3426
3407	3427
3408	3428
3409	3429
3410	3430
3411	3431
3412	3432
3413	3433
3414	3434
3415	3435
3416	3436
3417	3437
3418	3438
3419	3439
3420	3440
3421	3441
3422	3442
3423	3443
3424	3444
3425	3445
3426	3446
3427	3447
3428	3448
3429	3449
3430	3450
3431	3451
3432	3452
3433	3453
3434	3454
3435	3455
3436	3456
3437	3457
3438	3458
3439	3459
3440	3460
3441	3461
3442	3462
3443	3463
3444	3464
3445	3465
3446	3466
3447	3467
3448	3468
3449	3469
3450	3470
3451	3471
3452	3472
3453	3473
3454	3474
3455	3475
3456	3476
3457	3477
3458	3478
3459	3479
3460	3480
3461	3481
3462	3482
3463	3483
3464	3484
3465	3485
3466	3486
3467	3487
3468	3488
3469	3489
3470	3490
3471	3491
3472	3492
3473	3493
3474	3494
3475	3495
3476	3496
3477	3497
3478	3498
3479	3499
3480	3500
3481	3501
3482	3502
3483	3503
3484	3504
3485	3505
3486	3506
3487	3507
3488	3508
3489	3509
3490	3510
3491	3511
3492	3512
3493	3513
3494	3514
3495	3515
3496	3516
3497	3517
3498	3518
3499	3519
3500	3520
3501	3521
3502	3522
3503	3523
3504	3524
3505	3525
3506	3526
3507	3527
3508	3528
3509	3529
3510	3530
3511	3531
3512	3532
3513	3533
3514	3534
3515	3535
3516	3536
3517	3537
3518	3538
3519	3539
3520	3540
3521	3541
3522	3542
3523	3543
3524	3544
3525	3545
3526	3546
3527	3547
3528	3548
3529	3549
3530	3550
3531	3551
3532	3552
3533	3553
3534	3554
3535	3555
3536	3556
3537	3557
3538	3558
3539	3559
3540	3560
3541	3561
3542	3562
3543	3563
3544	3564
3545	3565
3546	3566
3547	3567
3548	3568
3549	3569
3550	3570
3551	3571
3552	3573
3553	3574
3554	3575
3555	3576
3556	3577
3557	3578
3558	3579
3559	3580
3560	3581
3561	3582
3562	3583
3563	3584
3564	3585
3565	3586
3566	3587
3567	3588
3568	3589
3569	3590
3570	3591
3571	3592
3572	3593
3573	3594
3574	3595
3575	3596
3576	3597
3577	3598
3578	3599
3579	3600
3580	3601
3581	3602
3582	3603
3583	3604
3584	3605
3585	3606
3586	3607
3587	3608
3588	3609
3589	3610
3590	3611
3591	3612
3592	3613
3593	3614
3594	3615
3595	3616
3596	3617
3597	3618
3598	3619
3599	3620
3600	3621
3601	3622
3602	3623
3603	3624
3604	3625
3605	3626
3606	3627
3607	3628
3608	3629
3609	3630
3610	3631
3611	3632
3612	3633
3613	3634
3614	3635
3615	3636
3616	3637
3617	3638
3618	3639
3619	3640
3620	3641
3621	3642
3622	3643
3623	3644
3624	3645
3625	3646
3626	3647
3627	3648
3628	3649
3629	3650
3630	3651
3631	3652
3632	3653
3633	3654
3634	3655
3635	3656
3636	3657
3637	3658
3638	3659
3639	3660
3640	3661
3641	3662
3642	3663
3643	3664
3644	3665
3645	3666
3646	3667
3647	3668
3648	3669
3649	3670
3650	3671
3651	3672
3652	3673
3653	3674
3654	3675
3655	3676
3656	3677
3657	3678
3658	3679
3659	3680
3660	3681
3661	3682
3662	3683
3663	3684
3664	3685
3665	3686
3666	3687
3667	3688
3668	3689
3669	3690
3670	3691
3671	3692
3672	3693
3673	3694
3674	3695
3675	3696
3676	3697
3677	3698
3678	3699
3679	3700
3680	3701
3681	3702
3682	3703
3683	3704
3684	3705
3685	3706
3686	3707
3687	3708
3688	3709
3689	3710
3690	3711
3691	3712
3692	3713
3693	3714
3694	3715
3695	3716
3696	3717
3697	3718
3698	3719
3699	3720
3700	3721
3701	3722
3702	3723
3703	3724
3704	3725
3705	3726
3706	3727
3707	3728
3708	3729
3709	3730
3710	3731
3711	3732
3712	3733
3713	3734
3714	3735
3715	3736
3716	3737
3717	3738
3718	3739
3719	3740
3720	3741
3721	3742
3722	3743
3723	3744
3724	3745
3725	3746
3726	3747
3727	3748
3728	3749
3729	3750
3730	3751
3731	3752
3732	3753
3733	3754
3734	3755
3735	3756
3736	3757
3737	3758
3738	3759
3739	3760
3740	3761
3741	3762
3742	3763
3743	3764
3744	3765
3745	3766
3746	3767
3747	3768
3748	3769
3749	3770
3750	3771
3751	3772
3752	3773
3753	3774
3754	3775
3755	3776
3756	3777
3757	3778
3758	3779
3759	3780
3760	3781
3761	3782
3762	3783
3763	3784
3764	3785
3765	3786
3766	3787
3767	3788
3768	3789
3769	3790
3770	3791
3771	3792
3772	3793
3773	3794
3774	3795
3775	3796
3776	3797
3777	3798
3778	3799
3779	3800
3780	3801
3781	3802
3782	3803
3783	3804
3784	3805
3785	3806
3786	3807
3787	3808
3788	3809
3789	3810
3790	3811
3791	3812
3792	3813
3793	3814
3794	3815
3795	3816
3796	3817
3797	3818
3798	3819
3799	3820
3800	3821
3801	3822
3802	3823
3803	3824
3804	3825
3805	3826
3806	3827
3807	3828
3808	3829
3809	3830
3810	3831
3811	3832
3812	3833
3813	3834
3814	3835
3815	3836
3816	3837
3817	3838
3818	3839
3819	3840
3820	3841
3821	3842
3822	3843
3823	3844
3824	3845
3825	3846
3826	3847
3827	3848
3828	3849
3829	3850
3830	3851
3831	3852
3832	3853
3833	3854
3834	3855
3835	3856
3836	3857
3837	3858
3838	3859
3839	3860
3840	3861
3841	3862
3842	3863
3843	3864
3844	3865
3845	3866
3846	3867
3847	3868
3848	3869
3849	3870
3850	3871
3851	3872
3852	3873
3853	3874
3854	3875
3855	3876
3856	3877
3857	3878
3858	3879
3859	3880
3860	3881
3861	3882
3862	3883
3863	3884
3864	3885
3865	3886
3866	3887
3867	3888
3868	3889
3869	3890
3870	3891
3871	3892
3872	3893
3873	3894
3874	3895
3875	3896
3876	3897
3877	3898
3878	3899
3879	3900
3880	3901
3881	3902
3882	3903
3883	3904
3884	3905
3885	3906
3886	3907
3887	3908
3888	3909
3889	3910
3890	3911
3891	3912
3892	3913
3893	3914
3894	3915
3895	3916
3896	3917
3897	3918
3898	3919
3899	3920
3900	3921
3901	3922
3902	3923
3903	3924
3904	3925
3905	3926
3906	3927
3907	3928
3908	3929
3909	3930
3910	3931
3911	3932
3912	3933
3913	3934
3914	3935
3915	3936
3916	3937
3917	3938
3918	3939
3919	3940
3920	3941
3921	3942
3922	3943
3923	3944
3924	3945
3925	3946
3926	3947
3927	3948
3928	3949
3929	3950
3930	3951
3931	3952
3932	3953
3933	3954
3934	3955
3935	3956
3936	3957
3937	3958
3938	3959
3939	3960
3940	3961
3941	3962
3942	3963
3943	3964
3944	3965
3945	3966
3946	3967
3947	3968
3948	3969
3949	3970
3950	3971
3951	3972
3952	3973
3953	3974
3954	3975
3955	3976
3956	3977
3957	3978
3958	3979
3959	3980
3960	3981
3961	3982
3962	3983
3963	3984
3964	3985
3965	3986
3966	3987
3967	3988
3968	3989
3969	3990
3970	3991
3971	3992
3972	3993
3973	3994
3974	3995
3975	3996
3976	3997
3977	3998
3978	3999
3979	4000
3980	4001
3981	4002
3982	4003
3983	4004
3984	4005
3985	4006
3986	4007
3987	4008
3988	4009
3989	4010
3990	4011
3991	4012
3992	4013
3993	4014
3994	4015
3995	4016
3996	4017
3997	4018
3998	4019
3999	4020
4000	4021
4001	4022
4002	4023
4003	4025
4004	4026
4005	4027
4006	4028
4007	4029
4008	4030
4009	4031
4010	4032
4011	4033
4012	4034
4013	4035
4014	4036
4015	4037
4016	4038
4017	4039
4018	4040
4019	4041
4020	4042
4021	4043
4022	4044
4023	4045
4024	4046
4025	4047
4026	4048
4027	4049
4028	4050
4029	4051
4030	4052
4031	4053
4032	4054
4033	4055
4034	4056
4035	4057
4036	4058
4037	4059
4038	4060
4039	4061
4040	4062
4041	4063
4042	4064
4043	4065
4044	4066
4045	4067
4046	4068
4047	4069
4048	4070
4049	4071
4050	4072
4051	4073
4052	4074
4053	4075
4054	4076
4055	4077
4056	4078
4057	4079
4058	4080
4059	4081
4060	4082
4061	4083
4062	4084
4063	4085
4064	4086
4065	4087
4066	4088
4067	4089
4068	4090
4069	4091
4070	4092
4071	4093
4072	4094
4073	4095
4074	4096
4075	4097
4076	4098
4077	4099
4078	4101
4079	4102
4080	4103
4081	4104
4082	4105
4083	4106
4084	4107
4085	4108
4086	4109
4087	4110
4088	4111
4089	4112
4090	4113
4091	4114
4092	4115
4093	4116
4094	4117
4095	4118
4096	4119
4097	4120
4098	4121
4099	4122
4100	4123
4101	4124
4102	4125
4103	4126
4104	4127
4105	4128
4106	4129
4107	4130
4108	4131
4109	4132
4110	4133
4111	4134
4112	4135
4113	4143
4114	4144
4115	4145
4116	4146
4117	4147
4118	4148
4119	4149
4120	4150
4121	4151
4122	4152
4123	4153
4124	4154
4125	4155
4126	4156
4127	4157
4128	4158
4129	4159
4130	4160
4131	4161
4132	4162
4133	4163
4134	4164
4135	4165
4136	4166
4137	4167
4138	4168
4139	4169
4140	4170
4141	4171
4142	4172
4143	4173
4144	4174
4145	4175
4146	4176
4147	4177
4148	4178
4149	4179
4150	4180
4151	4181
4152	4182
4153	4183
4154	4184
4155	4185
4156	4186
4157	4187
4158	4188
4159	4189
4160	4190
4161	4191
4162	4192
4163	4193
4164	4194
4165	4195
4166	4196
4167	4197
4168	4198
4169	4199
4170	4200
4171	4201
4172	4202
4173	4203
4174	4204
4175	4205
4176	4206
4177	4207
4178	4208
4179	4209
4180	4210
4181	4211
4182	4212
4183	4213
4184	4214
4185	4215
4186	4216
4187	4217
4188	4218
4189	4219
4190	4220
4191	4221
4192	4222
4193	4223
4194	4224
4195	4225
4196	4226
4197	4227
4198	4228
4199	4229
4200	4230
4201	4231
4202	4232
4203	4233
4204	4234
4205	4235
4206	4236
4207	4237
4208	4238
4209	4239
4210	4240
4211	4241
4212	4242
4213	4243
4214	4244
4215	4245
4216	4246
4217	4247
4218	4248
4219	4249
4220	4250
4221	4251
4222	4252
4223	4253
4224	4254
4225	4255
4226	4256
4227	4257
4228	4258
4229	4259
4230	4260
4231	4261
4232	4262
4233	4263
4234	4264
4235	4265
4236	4266
4237	4267
4238	4268
4239	4269
4240	4270
4241	4271
4242	4272
4243	4273
4244	4274
4245	4275
4246	4276
4247	4277
4248	4278
4249	4279
4250	4280
4251	4281
4252	4282
4253	4283
4254	4284
4255	4285
4256	4286
4257	4287
4258	4288
4259	4289
4260	4290
4261	4291
4262	4292
4263	4293
4264	4294
4265	4295
4266	4296
4267	4297
4268	4298
4269	4299
4270	4300
4271	4301
4272	4302
4273	4303
4274	4304
4275	4305
4276	4306
4277	4307
4278	4308
4279	4309
4280	4310
4281	4311
4282	4312
4283	4313
4284	4314
4285	4315
4286	4316
4287	4317
4288	4318
4289	4319
4290	4320
4291	4321
4292	4322
4293	4323
4294	4324
4295	4325
4296	4326
4297	4327
4298	4328
4299	4329
4300	4330
4301	4331
4302	4332
4303	4333
4304	4334
4305	4335
4306	4336
4307	4337
4308	4338
4309	4339
4310	4340
4311	4341
4312	4342
4313	4343
4314	4344
4315	4345
4316	4346
4317	4347
4318	4348
4319	4349
4320	4350
4321	4351
4322	4352
4323	4353
4324	4354
4325	4355
4326	4356
4327	4357
4328	4358
4329	4359
4330	4360
4331	4361
4332	4362
4333	4363
4334	4364
4335	4365
4336	4366
4337	4367
4338	4368
4339	4369
4340	4370
4341	4371
4342	4372
4343	4373
4344	4374
4345	4375
4346	4376
4347	4377
4348	4378
4349	4379
4350	4380
4351	4381
4352	4382
4353	4383
4354	4384
4355	4385
4356	4386
4357	4387
4358	4388
4359	4389
4360	4390
4361	4391
4362	4392
4363	4393
4364	4394
4365	4395
4366	4396
4367	4397
4368	4398
4369	4399
4370	4400
4371	4401
4372	4402
4373	4403
4374	4404
4375	4405
4376	4406
4377	4407
4378	4408
4379	4409
4380	4410
4381	4411
4382	4412
4383	4413
4384	4414
4385	4415
4386	4416
4387	4417
4388	4418
4389	4419
4390	4420
4391	4421
4392	4422
4393	4423
4394	4424
4395	4425
4396	4426
4397	4427
4398	4428
4399	4429
4400	4430
4401	4431
4402	4432
4403	4433
4404	4434
4405	4435
4406	4436
4407	4437
4408	4438
4409	4439
4410	4440
4411	4441
4412	4442
4413	4443
4414	4444
4415	4445
4416	4446
4417	4447
4418	4448
4419	4449
4420	4450
4421	4451
4422	4452
4423	4453
4424	4454
4425	4455
4426	4456
4427	4457
4428	4458
4429	4459
4430	4460
4431	4461
4432	4462
4433	4463
4434	4464
4435	4465
4436	4466
4437	4467
4438	4468
4439	4469
4440	4470
4441	4471
4442	4472
4443	4473
4444	4474
4445	4475
4446	4476
4447	4477
4448	4478
4449	4479
4450	4480
4451	4481
4452	4482
4453	4483
4454	4484
4455	4485
4456	4486
4457	4487
4458	4488
4459	4489
4460	4490
4461	4491
4462	4492
4463	4493
4464	4494
4465	4495
4466	4496
4467	4497
4468	4498
4469	4499
4470	4500
4471	4501
4472	4502
4473	4503
4474	4504
4475	4505
4476	4506
4477	4507
4478	4508
4479	4509
4480	4510
4481	4511
4482	4512
4483	4513
4484	4514
4485	4515
4486	4516
4487	4517
4488	4518
4489	4519
4490	4520
4491	4521
4492	4522
4493	4523
4494	4524
4495	4525
4496	4526
4497	4527
4498	4528
4499	4529
4500	4530
4501	4531
4502	4532
4503	4533
4504	4534
4505	4535
4506	4536
4507	4537
4508	4538
4509	4539
4510	4540
4511	4541
4512	4542
4513	4543
4514	4544
4515	4545
4516	4546
4517	4547
4518	4548
4519	4549
4520	4550
4521	4551
4522	4552
4523	4553
4524	4554
4525	4555
4526	4556
4527	4557
4528	4558
4529	4559
4530	4560
4531	4561
4532	4562
4533	4563
4534	4564
4535	4565
4536	4566
4537	4567
4538	4568
4539	4569
4540	4570
4541	4571
4542	4572
4543	4573
4544	4574
4545	4575
4546	4576
4547	4577
4548	4578
4549	4579
4550	4580
4551	4581
4552	4582
4553	4583
4554	4584
4555	4585
4556	4586
4557	4587
4558	4588
4559	4589
4560	4590
4561	4591
4562	4592
4563	4593
4564	4594
4565	4595
4566	4596
4567	4597
4568	4598
4569	4599
4570	4600
4571	4601
4572	4602
4573	4603
4574	4604
4575	4605
4576	4606
4577	4607
4578	4608
4579	4609
4580	4610
4581	4611
4582	4612
4583	4613
4584	4614
4585	4615
4586	4616
4587	4617
4588	4618
4589	4619
4590	4620
4591	4621
4592	4622
4593	4623
4594	4624
4595	4625
4596	4626
4597	4627
4598	4628
4599	4629
4600	4630
4601	4631
4602	4632
4603	4633
4604	4634
4605	4635
4606	4636
4607	4637
4608	4638
4609	4639
4610	4640
4611	4641
4612	4642
4613	4643
4614	4644
4615	4645
4616	4646
4617	4647
4618	4648
4619	4649
4620	4650
4621	4651
4622	4652
4623	4653
4624	4654
4625	4655
4626	4656
4627	4657
4628	4658
4629	4659
4630	4660
4631	4661
4632	4662
4633	4663
4634	4664
4635	4665
4636	4666
4637	4667
4638	4668
4639	4669
4640	4670
4641	4671
4642	4672
4643	4673
4644	4674
4645	4675
4646	4676
4647	4677
4648	4678
4649	4679
4650	4680
4651	4681
4652	4682
4653	4683
4654	4684
4655	4685
4656	4686
4657	4687
4658	4688
4659	4689
4660	4690
4661	4691
4662	4692
4663	4693
4664	4694
4665	4695
4666	4696
4667	4697
4668	4698
4669	4699
4670	4700
4671	4701
4672	4702
4673	4703
4674	4704
4675	4705
4676	4706
4677	4707
4678	4708
4679	4709
4680	4710
4681	4711
4682	4712
4683	4713
4684	4714
4685	4715
4686	4716
4687	4717
4688	4718
4689	4719
4690	4720
4691	4722
4692	4723
4693	4724
4694	4725
4695	4726
4696	4727
4697	4728
4698	4729
4699	4730
4700	4731
4701	4732
4702	4733
4703	4734
4704	4735
4705	4736
4706	4737
4707	4738
4708	4739
4709	4740
4710	4741
4711	4742
4712	4743
4713	4744
4714	4745
4715	4746
4716	4747
4717	4748
4718	4749
4719	4750
4720	4751
4721	4752
4722	4753
4723	4754
4724	4755
4725	4756
4726	4757
4727	4758
4728	4759
4729	4760
4730	4761
4731	4762
4732	4763
4733	4764
4734	4765
4735	4766
4736	4767
4737	4768
4738	4769
4739	4770
4740	4771
4741	4772
4742	4773
4743	4774
4744	4775
4745	4776
4746	4777
4747	4778
4748	4779
4749	4780
4750	4781
4751	4782
4752	4783
4753	4784
4754	4785
4755	4786
4756	4787
4757	4788
4758	4789
4759	4790
4760	4791
4761	4792
4762	4793
4763	4794
4764	4795
4765	4796
4766	4797
4767	4799
4768	4800
4769	4801
4770	4802
4771	4803
4772	4804
4773	4805
4774	4806
4775	4807
4776	4808
4777	4809
4778	4810
4779	4811
4780	4812
4781	4813
4782	4814
4783	4815
4784	4816
4785	4817
4786	4818
4787	4819
4788	4820
4789	4824
4790	4825
4791	4826
4792	4827
4793	4828
4794	4829
4795	4830
4796	4831
4797	4832
4798	4833
4799	4834
4800	4835
4801	4836
4802	4837
4803	4838
4804	4839
4805	4840
4806	4841
4807	4842
4808	4843
4809	4844
4810	4845
4811	4846
4812	4847
4813	4848
4814	4849
4815	4850
4816	4851
4817	4852
4818	4853
4819	4854
4820	4855
4821	4856
4822	4857
4823	4858
4824	4859
4825	4860
4826	4861
4827	4862
4828	4863
4829	4864
4830	4865
4831	4866
4832	4867
4833	4868
4834	4869
4835	4870
4836	4871
4837	4872
4838	4873
4839	4874
4840	4875
4841	4876
4842	4877
4843	4878
4844	4879
4845	4880
4846	4881
4847	4882
4848	4883
4849	4884
4850	4885
4851	4886
4852	4887
4853	4888
4854	4889
4855	4890
4856	4891
4857	4892
4858	4893
4859	4894
4860	4895
4861	4896
4862	4897
4863	4898
4864	4899
4865	4900
4866	4901
4867	4902
4868	4903
4869	4904
4870	4905
4871	4906
4872	4907
4873	4908
4874	4909
4875	4910
4876	4911
4877	4912
4878	4913
4879	4914
4880	4915
4881	4916
4882	4917
4883	4918
4884	4919
4885	4920
4886	4921
4887	4922
4888	4923
4889	4924
4890	4925
4891	4926
4892	4927
4893	4928
4894	4929
4895	4930
4896	4931
4897	4932
4898	4933
4899	4934
4900	4935
4901	4936
4902	4937
4903	4938
4904	4939
4905	4940
4906	4941
4907	4942
4908	4943
4909	4944
4910	4945
4911	4946
4912	4947
4913	4948
4914	4949
4915	4950
4916	4951
4917	4952
4918	4953
4919	4954
4920	4955
4921	4956
4922	4957
4923	4958
4924	4959
4925	4960
4926	4961
4927	4962
4928	4963
4929	4964
4930	4965
4931	4966
4932	4967
4933	4968
4934	4969
4935	4970
4936	4971
4937	4972
4938	4973
4939	4974
4940	4975
4941	4976
4942	4977
4943	4978
4944	4979
4945	4980
4946	4981
4947	4982
4948	4983
4949	4984
4950	4985
4951	4986
4952	4987
4953	4988
4954	4989
4955	4990
4956	4991
4957	4992
4958	4993
4959	4994
4960	4995
4961	4996
4962	4997
4963	4998
4964	4999
4965	5000
4966	5001
4967	5002
4968	5003
4969	5004
4970	5005
4971	5006
4972	5007
4973	5008
4974	5009
4975	5010
4976	5011
4977	5012
4978	5013
4979	5014
4980	5015
4981	5016
4982	5017
4983	5018
4984	5019
4985	5020
4986	5021
4987	5022
4988	5023
4989	5024
4990	5025
4991	5026
4992	5027
4993	5028
4994	5029
4995	5030
4996	5031
4997	5032
4998	5033
4999	5034
5000	5035
5001	5036
5002	5037
5003	5038
5004	5039
5005	5040
5006	5041
5007	5042
5008	5043
5009	5044
5010	5045
5011	5046
5012	5047
5013	5048
5014	5049
5015	5050
5016	5051
5017	5052
5018	5053
5019	5054
5020	5055
5021	5056
5022	5057
5023	5058
5024	5059
5025	5060
5026	5061
5027	5062
5028	5063
5029	5064
5030	5065
5031	5066
5032	5067
5033	5068
5034	5069
5035	5070
