1	1
2	2
3	3
4	4
5	5
6	6
7	7
8	8
9	9
10	10
11	11
12	12
13	13
14	14
15	15
16	16
17	17
18	18
19	19
20	20
21	21
22	22
23	23
24	24
25	25
26	26
27	27
28	28
29	29
30	30
31	31
32	32
33	33
34	34
35	35
36	36
37	37
38	38
39	39
40	40
41	41
42	42
43	43
44	44
45	45
46	46
47	47
48	48
49	49
50	50
51	51
52	52
53	53
54	54
55	55
56	56
57	57
58	58
59	59
60	60
61	61
62	62
63	63
64	64
65	65
66	66
67	67
68	68
69	69
70	70
71	71
72	72
73	73
74	74
75	75
76	76
77	77
78	78
79	79
80	80
81	81
82	82
83	83
84	84
85	85
86	86
87	87
88	88
89	89
90	90
91	91
92	92
93	93
94	94
95	95
96	96
97	97
98	98
99	99
100	100
101	101
102	102
103	103
104	104
105	105
106	106
107	107
108	108
109	109
110	110
111	111
112	112
113	113
114	114
115	115
116	116
117	117
118	118
119	119
120	120
121	121
122	122
123	123
124	124
125	125
126	126
127	127
128	128
129	129
130	130
131	131
132	131
133	131
134	131
135	132
136	133
137	134
138	135
139	136
140	137
141	138
142	139
143	140
144	141
145	142
146	143
147	144
148	145
149	146
150	147
151	148
152	149
153	150
154	151
155	152
156	153
157	154
158	155
159	156
160	157
161	158
162	159
163	160
164	161
165	162
166	163
167	164
168	165
169	166
170	167
171	168
172	169
173	170
174	171
175	172
176	173
177	174
178	175
179	176
180	177
181	178
182	179
183	180
184	181
185	182
186	183
187	184
188	185
189	186
190	187
191	188
192	189
193	190
194	191
195	192
196	193
197	194
198	195
199	196
200	197
201	198
202	199
203	200
204	201
205	202
206	203
207	204
208	205
209	206
210	207
211	208
212	209
213	210
214	211
215	212
216	213
217	214
218	215
219	216
220	217
221	218
222	219
223	220
224	221
225	222
226	223
227	224
228	225
229	226
230	227
231	228
232	229
233	230
234	231
235	232
236	233
237	234
238	235
239	236
240	237
241	238
242	239
243	240
244	241
245	242
246	243
247	244
248	244
249	244
250	244
251	245
252	246
253	247
254	248
255	249
256	250
257	251
258	252
259	253
260	253
261	253
262	253
263	254
264	255
265	256
266	257
267	258
268	259
269	260
270	261
271	262
272	263
273	264
274	265
275	266
276	267
277	268
278	269
279	270
280	271
281	272
282	273
283	274
284	275
285	276
286	277
287	278
288	279
289	280
290	281
291	282
292	283
293	284
294	285
295	286
296	287
297	288
298	289
299	290
300	291
301	292
302	293
303	294
304	295
305	296
306	297
307	298
308	299
309	300
310	301
311	302
312	303
313	304
314	305
315	306
316	307
317	308
318	309
319	310
320	311
321	312
322	313
323	314
324	315
325	316
326	317
327	318
328	319
329	320
330	321
331	322
332	323
333	324
334	325
335	326
336	327
337	328
338	329
339	330
340	331
341	332
342	333
343	334
344	335
345	336
346	337
347	338
348	339
349	340
350	341
351	342
352	343
353	344
354	345
355	346
356	347
357	348
358	349
359	350
360	351
361	352
362	353
363	354
364	355
365	356
366	357
367	358
368	359
369	360
370	361
371	362
372	363
373	364
374	365
375	366
376	367
377	368
378	369
379	370
380	371
381	372
382	373
383	374
384	375
385	376
386	377
387	378
388	379
389	380
390	381
391	382
392	383
393	384
394	385
395	386
396	387
397	388
398	389
399	390
400	391
401	392
402	393
403	394
404	395
405	396
406	397
407	398
408	399
409	400
410	401
411	402
412	403
413	404
414	405
415	406
416	407
417	408
418	409
419	410
420	411
421	412
422	413
423	414
424	415
425	416
426	417
427	418
428	419
429	420
430	421
431	422
432	423
433	424
434	425
435	426
436	427
437	428
438	429
439	430
440	431
441	432
442	433
443	434
444	435
445	436
446	437
447	438
448	439
449	440
450	441
451	442
452	443
453	444
454	445
455	446
456	447
457	448
458	449
459	450
460	451
461	452
462	453
463	454
464	455
465	456
466	457
467	458
468	459
469	460
470	461
471	462
472	463
473	464
474	465
475	466
476	467
477	468
478	469
479	470
480	471
481	472
482	473
483	474
484	475
485	476
486	477
487	478
488	479
489	480
490	481
491	482
492	483
493	484
494	485
495	486
496	487
497	488
498	489
499	490
500	491
501	492
502	493
503	494
504	495
505	496
506	497
507	498
508	499
509	500
510	501
511	502
512	503
513	504
514	505
515	506
516	507
517	508
518	509
519	510
520	511
521	512
522	513
523	514
524	515
525	516
526	517
527	518
528	519
529	520
530	521
531	522
532	523
533	524
534	525
535	526
536	527
537	528
538	529
539	530
540	531
541	532
542	533
543	534
544	535
545	536
546	537
547	538
548	539
549	540
550	541
551	542
552	543
553	544
554	545
555	546
556	547
557	548
558	549
559	550
560	551
561	552
562	553
563	554
564	555
565	556
566	557
567	558
568	559
569	560
570	561
571	562
572	563
573	564
574	565
575	566
576	567
577	568
578	569
579	570
580	571
581	572
582	573
583	574
584	575
585	576
586	577
587	578
588	579
589	580
590	581
591	582
592	583
593	584
594	585
595	586
596	587
597	588
598	589
599	590
600	591
601	592
602	593
603	594
604	595
605	596
606	597
607	598
608	599
609	600
610	601
611	602
612	603
613	604
614	605
615	606
616	607
617	608
618	609
619	610
620	611
621	612
622	613
623	614
624	615
625	616
626	617
627	618
628	619
629	620
630	621
631	622
632	623
633	624
634	625
635	626
636	627
637	628
638	629
639	630
640	631
641	632
642	633
643	634
644	635
645	636
646	637
647	638
648	639
649	640
650	641
651	642
652	643
653	644
654	645
655	646
656	647
657	648
658	649
659	650
660	651
661	652
662	653
663	654
664	655
665	656
666	657
667	658
668	659
669	660
670	661
671	662
672	663
673	664
674	665
675	666
676	667
677	668
678	669
679	670
680	671
681	672
682	673
683	674
684	675
685	676
686	677
687	678
688	679
689	680
690	681
691	682
692	683
693	684
694	685
695	686
696	687
697	688
698	689
699	690
700	691
701	692
702	693
703	694
704	695
705	696
706	697
707	698
708	699
709	700
710	701
711	702
712	703
713	704
714	705
715	706
716	707
717	708
718	709
719	710
720	711
721	712
722	713
723	714
724	715
725	716
726	717
727	718
728	719
729	720
730	721
731	722
732	723
733	724
734	725
735	726
736	727
737	728
738	729
739	730
740	731
741	732
742	733
743	734
744	735
745	736
746	737
747	738
748	739
749	740
750	741
751	742
752	743
753	744
754	745
755	746
756	747
757	748
758	749
759	750
760	751
761	752
762	753
763	754
764	754
765	754
766	754
767	754
768	755
769	756
770	757
771	758
772	759
773	760
774	761
775	762
776	763
777	764
778	765
779	766
780	767
781	768
782	769
783	770
784	771
785	772
786	773
787	774
788	775
789	776
790	777
791	778
792	779
793	780
794	781
795	782
796	783
797	784
798	785
799	786
800	787
801	788
802	789
803	790
804	791
805	792
806	793
807	794
808	795
809	796
810	797
811	798
812	799
813	800
814	801
815	802
816	803
817	804
818	805
819	806
820	807
821	808
822	809
823	810
824	811
825	812
826	813
827	814
828	815
829	816
830	817
831	818
832	819
833	820
834	821
835	822
836	823
837	824
838	825
839	826
840	827
841	828
842	829
843	830
844	831
845	832
846	833
847	834
848	835
849	836
850	837
851	838
852	839
853	840
854	841
855	842
856	843
857	844
858	845
859	846
860	847
861	848
862	849
863	850
864	851
865	852
866	853
867	854
868	855
869	856
870	857
871	858
872	859
873	860
874	861
875	862
876	863
877	864
878	865
879	866
880	867
881	868
882	869
883	870
884	871
885	872
886	873
887	874
888	875
889	876
890	877
891	878
892	879
893	880
894	881
895	882
896	883
897	884
898	885
899	886
900	887
901	888
902	889
903	890
904	891
905	892
906	893
907	894
908	895
909	896
910	897
911	898
912	899
913	900
914	901
915	902
916	903
917	904
918	905
919	906
920	907
921	908
922	909
923	910
924	911
925	912
926	913
927	914
928	915
929	916
930	917
931	918
932	919
933	920
934	921
935	922
936	923
937	924
938	925
939	926
940	927
941	928
942	929
943	930
944	931
945	932
946	933
947	934
948	935
949	936
950	937
951	938
952	939
953	940
954	941
955	942
956	943
957	944
958	945
959	946
960	947
961	948
962	949
963	950
964	951
965	952
966	953
967	954
968	955
969	956
970	957
971	958
972	959
973	960
974	961
975	962
976	963
977	964
978	965
979	966
980	967
981	968
982	969
983	970
984	971
985	972
986	973
987	974
988	975
989	976
990	977
991	978
992	979
993	980
994	981
995	982
996	983
997	984
998	985
999	986
1000	987
1001	988
1002	989
1003	990
1004	991
1005	992
1006	993
1007	994
1008	995
1009	996
1010	997
1011	998
1012	999
1013	1000
1014	1001
1015	1002
1016	1003
1017	1004
1018	1005
1019	1006
1020	1007
1021	1008
1022	1009
1023	1010
1024	1011
1025	1012
1026	1013
1027	1014
1028	1015
1029	1016
1030	1017
1031	1018
1032	1019
1033	1020
1034	1021
1035	1022
1036	1023
1037	1024
1038	1025
1039	1026
1040	1027
1041	1028
1042	1029
1043	1030
1044	1031
1045	1032
1046	1033
1047	1034
1048	1035
1049	1036
1050	1037
1051	1038
1052	1039
1053	1040
1054	1041
1055	1042
1056	1043
1057	1044
1058	1045
1059	1046
1060	1047
1061	1048
1062	1049
1063	1050
1064	1051
1065	1052
1066	1053
1067	1054
1068	1055
1069	1056
1070	1057
1071	1058
1072	1059
1073	1060
1074	1061
1075	1062
1076	1063
1077	1064
1078	1065
1079	1066
1080	1067
1081	1068
1082	1069
1083	1070
1084	1071
1085	1072
1086	1073
1087	1074
1088	1075
1089	1076
1090	1077
1091	1078
1092	1079
1093	1080
1094	1081
1095	1082
1096	1083
1097	1084
1098	1085
1099	1086
1100	1087
1101	1088
1102	1089
1103	1090
1104	1091
1105	1092
1106	1093
1107	1094
1108	1095
1109	1096
1110	1097
1111	1098
1112	1099
1113	1100
1114	1101
1115	1102
1116	1103
1117	1104
1118	1105
1119	1106
1120	1107
1121	1108
1122	1109
1123	1110
1124	1111
1125	1112
1126	1113
1127	1114
1128	1115
1129	1116
1130	1117
1131	1118
1132	1119
1133	1120
1134	1121
1135	1122
1136	1123
1137	1124
1138	1125
1139	1126
1140	1127
1141	1128
1142	1129
1143	1130
1144	1131
1145	1132
1146	1133
1147	1134
1148	1135
1149	1136
1150	1137
1151	1138
1152	1139
1153	1140
1154	1141
1155	1142
1156	1143
1157	1144
1158	1145
1159	1146
1160	1147
1161	1148
1162	1149
1163	1150
1164	1151
1165	1152
1166	1153
1167	1154
1168	1155
1169	1156
1170	1157
1171	1158
1172	1159
1173	1160
1174	1161
1175	1162
1176	1163
1177	1164
1178	1165
1179	1166
1180	1167
1181	1168
1182	1169
1183	1170
1184	1171
1185	1172
1186	1173
1187	1174
1188	1175
1189	1176
1190	1177
1191	1178
1192	1179
1193	1180
1194	1181
1195	1182
1196	1183
1197	1184
1198	1185
1199	1186
1200	1187
1201	1188
1202	1189
1203	1190
1204	1191
1205	1192
1206	1193
1207	1194
1208	1195
1209	1196
1210	1197
1211	1198
1212	1199
1213	1200
1214	1201
1215	1202
1216	1203
1217	1204
1218	1205
1219	1206
1220	1207
1221	1208
1222	1209
1223	1210
1224	1211
1225	1212
1226	1213
1227	1214
1228	1215
1229	1216
1230	1217
1231	1218
1232	1219
1233	1220
1234	1221
1235	1222
1236	1223
1237	1224
1238	1225
1239	1226
1240	1227
1241	1228
1242	1229
1243	1230
1244	1231
1245	1232
1246	1233
1247	1234
1248	1235
1249	1236
1250	1237
1251	1238
1252	1239
1253	1240
1254	1241
1255	1242
1256	1243
1257	1244
1258	1245
1259	1246
1260	1247
1261	1248
1262	1249
1263	1250
1264	1251
1265	1252
1266	1253
1267	1254
1268	1255
1269	1256
1270	1257
1271	1258
1272	1259
1273	1260
1274	1261
1275	1262
1276	1263
1277	1264
1278	1265
1279	1266
1280	1267
1281	1268
1282	1269
1283	1270
1284	1271
1285	1272
1286	1273
1287	1274
1288	1275
1289	1276
1290	1277
1291	1278
1292	1279
1293	1280
1294	1281
1295	1282
1296	1283
1297	1284
1298	1285
1299	1286
1300	1287
1301	1288
1302	1289
1303	1290
1304	1291
1305	1292
1306	1293
1307	1294
1308	1295
1309	1296
1310	1297
1311	1298
1312	1299
1313	1300
1314	1301
1315	1302
1316	1303
1317	1304
1318	1305
1319	1306
1320	1307
1321	1308
1322	1309
1323	1310
1324	1311
1325	1312
1326	1313
1327	1314
1328	1315
1329	1316
1330	1317
1331	1318
1332	1319
1333	1320
1334	1321
1335	1322
1336	1323
1337	1324
1338	1325
1339	1326
1340	1327
1341	1328
1342	1329
1343	1330
1344	1331
1345	1332
1346	1333
1347	1334
1348	1335
1349	1336
1350	1337
1351	1338
1352	1339
1353	1340
1354	1341
1355	1342
1356	1343
1357	1344
1358	1345
1359	1346
1360	1347
1361	1348
1362	1349
1363	1350
1364	1351
1365	1352
1366	1353
1367	1354
1368	1355
1369	1356
1370	1357
1371	1358
1372	1359
1373	1360
1374	1361
1375	1362
1376	1363
1377	1364
1378	1365
1379	1366
1380	1367
1381	1368
1382	1369
1383	1370
1384	1371
1385	1372
1386	1373
1387	1374
1388	1375
1389	1376
1390	1377
1391	1378
1392	1379
1393	1380
1394	1381
1395	1382
1396	1383
1397	1384
1398	1385
1399	1386
1400	1387
1401	1388
1402	1389
1403	1390
1404	1391
1405	1392
1406	1393
1407	1394
1408	1395
1409	1396
1410	1397
1411	1398
1412	1399
1413	1400
1414	1401
1415	1402
1416	1403
1417	1404
1418	1405
1419	1406
1420	1407
1421	1408
1422	1409
1423	1410
1424	1411
1425	1412
1426	1413
1427	1414
1428	1415
1429	1416
1430	1417
1431	1418
1432	1419
1433	1420
1434	1421
1435	1422
1436	1423
1437	1424
1438	1425
1439	1426
1440	1427
1441	1428
1442	1429
1443	1430
1444	1431
1445	1432
1446	1433
1447	1434
1448	1435
1449	1436
1450	1437
1451	1438
1452	1439
1453	1440
1454	1441
1455	1442
1456	1443
1457	1444
1458	1445
1459	1446
1460	1447
1461	1448
1462	1449
1463	1450
1464	1451
1465	1452
1466	1453
1467	1454
1468	1455
1469	1456
1470	1457
1471	1458
1472	1459
1473	1460
1474	1461
1475	1462
1476	1463
1477	1464
1478	1465
1479	1466
1480	1467
1481	1468
1482	1469
1483	1470
1484	1471
1485	1472
1486	1473
1487	1474
1488	1475
1489	1476
1490	1477
1491	1478
1492	1479
1493	1480
1494	1481
1495	1482
1496	1483
1497	1484
1498	1485
1499	1486
1500	1487
1501	1488
1502	1489
1503	1490
1504	1491
1505	1492
1506	1493
1507	1494
1508	1495
1509	1496
1510	1497
1511	1498
1512	1499
1513	1500
1514	1501
1515	1502
1516	1503
1517	1504
1518	1505
1519	1506
1520	1507
1521	1508
1522	1509
1523	1510
1524	1511
1525	1512
1526	1513
1527	1514
1528	1515
1529	1516
1530	1517
1531	1518
1532	1519
1533	1520
1534	1521
1535	1522
1536	1523
1537	1524
1538	1525
1539	1526
1540	1527
1541	1528
1542	1529
1543	1530
1544	1531
1545	1532
1546	1533
1547	1534
1548	1535
1549	1536
1550	1537
1551	1538
1552	1539
1553	1540
1554	1541
1555	1542
1556	1543
1557	1544
1558	1545
1559	1546
1560	1547
1561	1548
1562	1549
1563	1550
1564	1551
1565	1552
1566	1553
1567	1554
1568	1555
1569	1556
1570	1557
1571	1558
1572	1559
1573	1560
1574	1561
1575	1562
1576	1563
1577	1564
1578	1565
1579	1566
1580	1567
1581	1568
1582	1569
1583	1570
1584	1571
1585	1572
1586	1573
1587	1574
1588	1575
1589	1576
1590	1577
1591	1578
1592	1579
1593	1580
1594	1581
1595	1582
1596	1583
1597	1584
1598	1585
1599	1586
1600	1587
1601	1588
1602	1589
1603	1590
1604	1591
1605	1592
1606	1593
1607	1594
1608	1595
1609	1596
1610	1597
1611	1598
1612	1599
1613	1600
1614	1601
1615	1602
1616	1603
1617	1604
1618	1605
1619	1606
1620	1607
1621	1608
1622	1609
1623	1610
1624	1611
1625	1612
1626	1613
1627	1614
1628	1615
1629	1616
1630	1617
1631	1618
1632	1619
1633	1620
1634	1621
1635	1622
1636	1623
1637	1624
1638	1625
1639	1626
1640	1627
1641	1628
1642	1629
1643	1630
1644	1631
1645	1632
1646	1633
1647	1634
1648	1635
1649	1636
1650	1637
1651	1638
1652	1639
1653	1640
1654	1641
1655	1642
1656	1643
1657	1644
1658	1645
1659	1646
1660	1647
1661	1648
1662	1649
1663	1650
1664	1651
1665	1652
1666	1653
1667	1654
1668	1655
1669	1656
1670	1657
1671	1658
1672	1659
1673	1660
1674	1661
1675	1662
1676	1663
1677	1664
1678	1665
1679	1666
1680	1667
1681	1668
1682	1669
1683	1670
1684	1671
1685	1672
1686	1673
1687	1674
1688	1675
1689	1676
1690	1677
1691	1678
1692	1679
1693	1680
1694	1681
1695	1682
1696	1683
1697	1684
1698	1685
1699	1686
1700	1687
1701	1688
1702	1689
1703	1690
1704	1691
1705	1692
1706	1693
1707	1694
1708	1695
1709	1696
1710	1697
1711	1698
1712	1699
1713	1700
1714	1701
1715	1702
1716	1703
1717	1704
1718	1705
1719	1706
1720	1707
1721	1708
1722	1709
1723	1710
1724	1711
1725	1712
1726	1713
1727	1714
1728	1715
1729	1716
1730	1717
1731	1718
1732	1719
1733	1720
1734	1721
1735	1722
1736	1723
1737	1724
1738	1725
1739	1726
1740	1727
1741	1728
1742	1729
1743	1730
1744	1731
1745	1732
1746	1733
1747	1734
1748	1735
1749	1736
1750	1737
1751	1738
1752	1739
1753	1740
1754	1741
1755	1742
1756	1743
1757	1744
1758	1745
1759	1746
1760	1747
1761	1748
1762	1749
1763	1750
1764	1751
1765	1752
1766	1753
1767	1754
1768	1755
1769	1756
1770	1757
1771	1758
1772	1759
1773	1760
1774	1761
1775	1762
1776	1763
1777	1764
1778	1765
1779	1766
1780	1767
1781	1768
1782	1769
1783	1770
1784	1771
1785	1772
1786	1773
1787	1774
1788	1775
1789	1776
1790	1777
1791	1778
1792	1779
1793	1780
1794	1781
1795	1782
1796	1783
1797	1784
1798	1785
1799	1786
1800	1787
1801	1788
1802	1789
1803	1790
1804	1791
1805	1792
1806	1793
1807	1794
1808	1795
1809	1796
1810	1797
1811	1798
1812	1799
1813	1800
1814	1801
1815	1802
1816	1803
1817	1804
1818	1805
1819	1806
1820	1807
1821	1808
1822	1809
1823	1810
1824	1811
1825	1812
1826	1813
1827	1814
1828	1815
1829	1816
1830	1817
1831	1818
1832	1819
1833	1820
1834	1821
1835	1822
1836	1823
1837	1824
1838	1825
1839	1826
1840	1827
1841	1828
1842	1829
1843	1830
1844	1831
1845	1832
1846	1833
1847	1834
1848	1835
1849	1836
1850	1837
1851	1838
1852	1839
1853	1840
1854	1841
1855	1842
1856	1843
1857	1844
1858	1845
1859	1846
1860	1847
1861	1848
1862	1849
1863	1850
1864	1851
1865	1852
1866	1853
1867	1854
1868	1855
1869	1856
1870	1857
1871	1858
1872	1859
1873	1860
1874	1861
1875	1862
1876	1863
1877	1864
1878	1865
1879	1866
1880	1867
1881	1868
1882	1869
1883	1870
1884	1871
1885	1872
1886	1873
1887	1874
1888	1875
1889	1876
1890	1877
1891	1878
1892	1879
1893	1880
1894	1881
1895	1882
1896	1883
1897	1884
1898	1885
1899	1886
1900	1887
1901	1888
1902	1889
1903	1890
1904	1891
1905	1892
1906	1893
1907	1894
1908	1895
1909	1896
1910	1897
1911	1898
1912	1899
1913	1900
1914	1901
1915	1902
1916	1903
1917	1904
1918	1905
1919	1906
1920	1907
1921	1908
1922	1909
1923	1910
1924	1911
1925	1912
1926	1913
1927	1914
1928	1915
1929	1916
1930	1917
1931	1918
1932	1919
1933	1920
1934	1921
1935	1922
1936	1923
1937	1924
1938	1925
1939	1926
1940	1927
1941	1928
1942	1929
1943	1930
1944	1931
1945	1932
1946	1933
1947	1934
1948	1935
1949	1936
1950	1937
1951	1938
1952	1939
1953	1940
1954	1941
1955	1942
1956	1943
1957	1944
1958	1945
1959	1946
1960	1947
1961	1948
1962	1949
1963	1950
1964	1951
1965	1952
1966	1953
1967	1954
1968	1955
1969	1956
1970	1957
1971	1958
1972	1959
1973	1960
1974	1961
1975	1962
1976	1963
1977	1964
1978	1965
1979	1966
1980	1967
1981	1968
1982	1969
1983	1970
1984	1971
1985	1972
1986	1973
1987	1974
1988	1975
1989	1976
1990	1977
1991	1978
1992	1979
1993	1980
1994	1981
1995	1982
1996	1983
1997	1984
1998	1985
1999	1986
2000	1987
2001	1988
2002	1989
2003	1990
2004	1991
2005	1992
2006	1993
2007	1994
2008	1995
2009	1996
2010	1997
2011	1998
2012	1999
2013	2000
2014	2001
2015	2002
2016	2003
2017	2004
2018	2005
2019	2006
2020	2007
2021	2008
2022	2009
2023	2010
2024	2011
2025	2012
2026	2013
2027	2014
2028	2015
2029	2016
2030	2017
2031	2018
2032	2019
2033	2020
2034	2021
2035	2022
2036	2023
2037	2024
2038	2025
2039	2026
2040	2027
2041	2028
2042	2029
2043	2030
2044	2031
2045	2032
2046	2033
2047	2034
2048	2035
2049	2036
2050	2037
2051	2038
2052	2039
2053	2040
2054	2041
2055	2042
2056	2043
2057	2044
2058	2045
2059	2046
2060	2047
2061	2048
2062	2049
2063	2050
2064	2051
2065	2052
2066	2053
2067	2054
2068	2055
2069	2056
2070	2057
2071	2058
2072	2059
2073	2060
2074	2061
2075	2062
2076	2063
2077	2064
2078	2065
2079	2066
2080	2067
2081	2068
2082	2069
2083	2070
2084	2071
2085	2072
2086	2073
2087	2074
2088	2075
2089	2076
2090	2077
2091	2078
2092	2079
2093	2080
2094	2081
2095	2082
2096	2083
2097	2084
2098	2085
2099	2086
2100	2087
2101	2088
2102	2089
2103	2090
2104	2091
2105	2092
2106	2093
2107	2094
2108	2095
2109	2096
2110	2097
2111	2098
2112	2099
2113	2100
2114	2101
2115	2102
2116	2103
2117	2104
2118	2105
2119	2106
2120	2107
2121	2108
2122	2109
2123	2110
2124	2111
2125	2112
2126	2113
2127	2114
2128	2115
2129	2116
2130	2117
2131	2118
2132	2119
2133	2120
2134	2121
2135	2122
2136	2123
2137	2124
2138	2125
2139	2126
2140	2127
2141	2128
2142	2129
2143	2130
2144	2131
2145	2132
2146	2133
2147	2134
2148	2135
2149	2136
2150	2137
2151	2138
2152	2139
2153	2140
2154	2141
2155	2142
2156	2143
2157	2144
2158	2145
2159	2146
2160	2147
2161	2148
2162	2149
2163	2150
2164	2151
2165	2152
2166	2153
2167	2154
2168	2155
2169	2156
2170	2157
2171	2158
2172	2159
2173	2160
2174	2161
2175	2162
2176	2163
2177	2164
2178	2165
2179	2166
2180	2167
2181	2168
2182	2169
2183	2170
2184	2171
2185	2172
2186	2173
2187	2174
2188	2175
2189	2176
2190	2177
2191	2178
2192	2179
2193	2180
2194	2181
2195	2182
2196	2183
2197	2184
2198	2185
2199	2186
2200	2187
2201	2188
2202	2189
2203	2190
2204	2191
2205	2192
2206	2193
2207	2194
2208	2195
2209	2196
2210	2197
2211	2198
2212	2199
2213	2200
2214	2201
2215	2202
2216	2203
2217	2204
2218	2205
2219	2206
2220	2207
2221	2208
2222	2209
2223	2210
2224	2211
2225	2212
2226	2213
2227	2214
2228	2215
2229	2216
2230	2217
2231	2218
2232	2219
2233	2220
2234	2221
2235	2222
2236	2223
2237	2224
2238	2225
2239	2226
2240	2227
2241	2228
2242	2229
2243	2230
2244	2231
2245	2232
2246	2233
2247	2234
2248	2235
2249	2236
2250	2237
2251	2238
2252	2239
2253	2240
2254	2241
2255	2242
2256	2243
2257	2244
2258	2245
2259	2246
2260	2247
2261	2248
2262	2249
2263	2250
2264	2251
2265	2252
2266	2253
2267	2254
2268	2255
2269	2256
2270	2257
2271	2258
2272	2259
2273	2260
2274	2261
2275	2262
2276	2263
2277	2264
2278	2265
2279	2266
2280	2267
2281	2268
2282	2269
2283	2270
2284	2271
2285	2272
2286	2273
2287	2274
2288	2275
2289	2276
2290	2277
2291	2278
2292	2279
2293	2280
2294	2281
2295	2282
2296	2283
2297	2284
2298	2285
2299	2286
2300	2287
2301	2288
2302	2289
2303	2290
2304	2291
2305	2292
2306	2293
2307	2294
2308	2295
2309	2296
2310	2297
2311	2298
2312	2299
2313	2300
2314	2301
2315	2302
2316	2303
2317	2304
2318	2305
2319	2306
2320	2307
2321	2308
2322	2309
2323	2310
2324	2311
2325	2312
2326	2313
2327	2314
2328	2315
2329	2316
2330	2317
2331	2318
2332	2319
2333	2320
2334	2321
2335	2322
2336	2323
2337	2324
2338	2325
2339	2326
2340	2327
2341	2328
2342	2329
2343	2330
2344	2331
2345	2332
2346	2333
2347	2334
2348	2335
2349	2336
2350	2337
2351	2338
2352	2339
2353	2340
2354	2341
2355	2342
2356	2343
2357	2344
2358	2345
2359	2346
2360	2347
2361	2348
2362	2349
2363	2350
2364	2351
2365	2352
2366	2353
2367	2354
2368	2355
2369	2356
2370	2357
2371	2358
2372	2359
2373	2360
2374	2361
2375	2362
2376	2363
2377	2364
2378	2365
2379	2366
2380	2367
2381	2368
2382	2369
2383	2370
2384	2371
2385	2372
2386	2373
2387	2374
2388	2375
2389	2376
2390	2377
2391	2378
2392	2379
2393	2380
2394	2381
2395	2382
2396	2383
2397	2384
2398	2385
2399	2386
2400	2387
2401	2388
2402	2389
2403	2390
2404	2391
2405	2392
2406	2393
2407	2394
2408	2395
2409	2396
2410	2397
2411	2398
2412	2399
2413	2400
2414	2401
2415	2402
2416	2403
2417	2404
2418	2405
2419	2406
2420	2407
2421	2408
2422	2409
2423	2410
2424	2411
2425	2412
2426	2413
2427	2414
2428	2415
2429	2416
2430	2417
2431	2418
2432	2419
2433	2420
2434	2421
2435	2422
2436	2423
2437	2424
2438	2425
2439	2426
2440	2427
2441	2428
2442	2429
2443	2430
2444	2431
2445	2432
2446	2433
2447	2434
2448	2435
2449	2436
2450	2437
2451	2438
2452	2439
2453	2440
2454	2441
2455	2442
2456	2443
2457	2444
2458	2445
2459	2446
2460	2447
2461	2448
2462	2449
2463	2450
2464	2451
2465	2452
2466	2453
2467	2454
2468	2455
2469	2456
2470	2457
2471	2458
2472	2459
2473	2460
2474	2461
2475	2462
2476	2463
2477	2464
2478	2465
2479	2466
2480	2467
2481	2468
2482	2469
2483	2470
2484	2471
2485	2472
2486	2473
2487	2474
2488	2475
2489	2476
2490	2477
2491	2478
2492	2479
2493	2480
2494	2481
2495	2482
2496	2483
2497	2484
2498	2485
2499	2486
2500	2487
2501	2488
2502	2489
2503	2490
2504	2491
2505	2492
2506	2493
2507	2494
2508	2495
2509	2496
2510	2497
2511	2498
2512	2499
2513	2500
2514	2501
2515	2502
2516	2503
2517	2504
2518	2505
2519	2506
2520	2507
2521	2508
2522	2509
2523	2510
2524	2511
2525	2512
2526	2513
2527	2514
2528	2515
2529	2516
2530	2517
2531	2518
2532	2519
2533	2520
2534	2521
2535	2522
2536	2523
2537	2524
2538	2525
2539	2526
2540	2527
2541	2528
2542	2529
2543	2530
2544	2531
2545	2532
2546	2533
2547	2534
2548	2535
2549	2536
2550	2537
2551	2538
2552	2539
2553	2540
2554	2541
2555	2542
2556	2543
2557	2544
2558	2545
2559	2546
2560	2547
2561	2548
2562	2549
2563	2550
2564	2551
2565	2552
2566	2553
2567	2554
2568	2555
2569	2556
2570	2557
2571	2558
2572	2559
2573	2560
2574	2561
2575	2562
2576	2563
2577	2564
2578	2565
2579	2566
2580	2567
2581	2568
2582	2569
2583	2570
2584	2571
2585	2572
2586	2573
2587	2574
2588	2575
2589	2576
2590	2577
2591	2578
2592	2579
2593	2580
2594	2581
2595	2582
2596	2583
2597	2584
2598	2585
2599	2586
2600	2587
2601	2588
2602	2589
2603	2590
2604	2591
2605	2592
2606	2593
2607	2594
2608	2595
2609	2596
2610	2597
2611	2598
2612	2599
2613	2600
2614	2601
2615	2602
2616	2603
2617	2604
2618	2605
2619	2606
2620	2607
2621	2608
2622	2609
2623	2610
2624	2611
2625	2612
2626	2613
2627	2614
2628	2615
2629	2616
2630	2617
2631	2618
2632	2619
2633	2620
2634	2621
2635	2622
2636	2623
2637	2624
2638	2625
2639	2626
2640	2627
2641	2628
2642	2629
2643	2630
2644	2631
2645	2632
2646	2633
2647	2634
2648	2635
2649	2636
2650	2637
2651	2638
2652	2639
2653	2640
2654	2641
2655	2642
2656	2643
2657	2644
2658	2645
2659	2646
2660	2647
2661	2648
2662	2649
2663	2650
2664	2651
2665	2652
2666	2653
2667	2654
2668	2655
2669	2656
2670	2657
2671	2658
2672	2659
2673	2660
2674	2661
2675	2662
2676	2663
2677	2664
2678	2665
2679	2666
2680	2667
2681	2668
2682	2669
2683	2670
2684	2671
2685	2672
2686	2673
2687	2674
2688	2675
2689	2676
2690	2677
2691	2678
2692	2679
2693	2680
2694	2681
2695	2682
2696	2683
2697	2684
2698	2685
2699	2686
2700	2687
2701	2688
2702	2689
2703	2690
2704	2691
2705	2692
2706	2693
2707	2694
2708	2695
2709	2696
2710	2697
2711	2698
2712	2699
2713	2700
2714	2701
2715	2702
2716	2703
2717	2704
2718	2705
2719	2706
2720	2707
2721	2708
2722	2709
2723	2710
2724	2711
2725	2712
2726	2713
2727	2714
2728	2715
2729	2716
2730	2717
2731	2718
2732	2719
2733	2720
2734	2721
2735	2722
2736	2723
2737	2724
2738	2725
2739	2726
2740	2727
2741	2728
2742	2729
2743	2730
2744	2731
2745	2732
2746	2733
2747	2734
2748	2735
2749	2736
2750	2737
2751	2738
2752	2739
2753	2740
2754	2741
2755	2742
2756	2743
2757	2744
2758	2745
2759	2746
2760	2747
2761	2748
2762	2749
2763	2750
2764	2751
2765	2752
2766	2753
2767	2754
2768	2755
2769	2756
2770	2757
2771	2758
2772	2759
2773	2760
2774	2761
2775	2762
2776	2763
2777	2764
2778	2765
2779	2766
2780	2767
2781	2768
2782	2769
2783	2770
2784	2771
2785	2772
2786	2773
2787	2774
2788	2775
2789	2776
2790	2777
2791	2778
2792	2779
2793	2780
2794	2781
2795	2782
2796	2783
2797	2784
2798	2785
2799	2786
2800	2787
2801	2788
2802	2789
2803	2790
2804	2791
2805	2792
2806	2793
2807	2794
2808	2795
2809	2796
2810	2797
2811	2798
2812	2799
2813	2800
2814	2801
2815	2802
2816	2803
2817	2804
2818	2805
2819	2806
2820	2807
2821	2808
2822	2809
2823	2810
2824	2811
2825	2812
2826	2813
2827	2814
2828	2815
2829	2816
2830	2817
2831	2818
2832	2819
2833	2820
2834	2821
2835	2822
2836	2823
2837	2824
2838	2825
2839	2826
2840	2827
2841	2828
2842	2829
2843	2830
2844	2831
2845	2832
2846	2833
2847	2834
2848	2835
2849	2836
2850	2837
2851	2838
2852	2839
2853	2840
2854	2841
2855	2842
2856	2843
2857	2844
2858	2845
2859	2846
2860	2847
2861	2848
2862	2849
2863	2850
2864	2851
2865	2852
2866	2853
2867	2854
2868	2855
2869	2856
2870	2857
2871	2858
2872	2859
2873	2860
2874	2861
2875	2862
2876	2863
2877	2864
2878	2865
2879	2866
2880	2867
2881	2868
2882	2869
2883	2870
2884	2871
2885	2872
2886	2873
2887	2874
2888	2875
2889	2876
2890	2877
2891	2878
2892	2879
2893	2880
2894	2881
2895	2882
2896	2883
2897	2884
2898	2885
2899	2886
2900	2887
2901	2888
2902	2889
2903	2890
2904	2891
2905	2892
2906	2893
2907	2894
2908	2895
2909	2896
2910	2897
2911	2898
2912	2899
2913	2900
2914	2901
2915	2902
2916	2903
2917	2904
2918	2905
2919	2906
2920	2907
2921	2908
2922	2909
2923	2910
2924	2911
2925	2912
2926	2913
2927	2914
2928	2915
2929	2916
2930	2917
2931	2918
2932	2919
2933	2920
2934	2921
2935	2922
2936	2923
2937	2924
2938	2925
2939	2926
2940	2927
2941	2928
2942	2929
2943	2930
2944	2931
2945	2932
2946	2933
2947	2934
2948	2935
2949	2936
2950	2937
2951	2938
2952	2939
2953	2940
2954	2941
2955	2942
2956	2943
2957	2944
2958	2945
2959	2946
2960	2947
2961	2947
2962	2947
2963	2948
2964	2949
2965	2950
2966	2951
2967	2952
2968	2953
2969	2954
2970	2955
2971	2956
2972	2957
2973	2958
2974	2959
2975	2960
2976	2961
2977	2962
2978	2963
2979	2964
2980	2965
2981	2966
2982	2967
2983	2968
2984	2969
2985	2970
2986	2971
2987	2972
2988	2973
2989	2974
2990	2975
2991	2976
2992	2977
2993	2978
2994	2979
2995	2980
2996	2981
2997	2982
2998	2983
2999	2984
3000	2985
3001	2986
3002	2987
3003	2988
3004	2989
3005	2990
3006	2991
3007	2992
3008	2993
3009	2994
3010	2995
3011	2996
3012	2997
3013	2997
3014	2998
3015	2999
3016	3000
3017	3001
3018	3002
3019	3003
3020	3004
3021	3005
3022	3006
3023	3007
3024	3008
3025	3009
3026	3010
3027	3011
3028	3012
3029	3013
3030	3014
3031	3015
3032	3016
3033	3017
3034	3018
3035	3019
3036	3020
3037	3021
3038	3022
3039	3023
3040	3024
3041	3025
3042	3026
3043	3027
3044	3028
3045	3029
3046	3030
3047	3031
3048	3032
3049	3033
3050	3034
3051	3035
3052	3036
3053	3037
3054	3038
3055	3039
3056	3040
3057	3041
3058	3042
3059	3043
3060	3044
3061	3045
3062	3046
3063	3047
3064	3048
3065	3049
3066	3050
3067	3051
3068	3052
3069	3053
3070	3054
3071	3055
3072	3056
3073	3057
3074	3058
3075	3059
3076	3060
3077	3061
3078	3062
3079	3063
3080	3064
3081	3065
3082	3066
3083	3067
3084	3068
3085	3069
3086	3070
3087	3071
3088	3072
3089	3073
3090	3074
3091	3075
3092	3076
3093	3077
3094	3078
3095	3079
3096	3080
3097	3081
3098	3082
3099	3083
3100	3084
3101	3085
3102	3086
3103	3087
3104	3088
3105	3089
3106	3090
3107	3091
3108	3092
3109	3093
3110	3094
3111	3095
3112	3096
3113	3097
3114	3098
3115	3099
3116	3099
3117	3100
3118	3101
3119	3102
3120	3103
3121	3104
3122	3105
3123	3106
3124	3107
3125	3108
3126	3109
3127	3110
3128	3111
3129	3112
3130	3113
3131	3114
3132	3115
3133	3116
3134	3117
3135	3118
3136	3119
3137	3120
3138	3121
3139	3122
3140	3123
3141	3124
3142	3125
3143	3126
3144	3127
3145	3128
3146	3129
3147	3130
3148	3131
3149	3132
3150	3133
3151	3134
3152	3135
3153	3137
3154	3138
3155	3139
3156	3140
3157	3141
3158	3142
3159	3143
3160	3143
3161	3144
3162	3145
3163	3146
3164	3147
3165	3148
3166	3149
3167	3150
3168	3151
3169	3152
3170	3154
3171	3155
3172	3156
3173	3156
3174	3156
3175	3156
3176	3156
3177	3156
3178	3157
3179	3158
3180	3159
3181	3160
3182	3161
3183	3162
3184	3163
3185	3164
3186	3165
3187	3166
3188	3167
3189	3167
3190	3168
3191	3169
3192	3170
3193	3170
3194	3171
3195	3172
3196	3173
3197	3174
3198	3175
3199	3176
3200	3177
3201	3178
3202	3179
3203	3180
3204	3181
3205	3182
3206	3183
3207	3184
3208	3186
3209	3187
3210	3188
3211	3189
3212	3190
3213	3191
3214	3192
3215	3193
3216	3194
3217	3195
3218	3196
3219	3197
3220	3198
3221	3199
3222	3200
3223	3201
3224	3202
3225	3203
3226	3204
3227	3205
3228	3206
3229	3207
3230	3208
3231	3209
3232	3210
3233	3211
3234	3212
3235	3213
3236	3214
3237	3215
3238	3216
3239	3217
3240	3218
3241	3219
3242	3220
3243	3221
3244	3222
3245	3223
3246	3224
3247	3225
3248	3226
3249	3227
3250	3228
3251	3229
3252	3230
3253	3231
3254	3232
3255	3233
3256	3234
3257	3235
3258	3236
3259	3237
3260	3238
3261	3239
3262	3240
3263	3241
3264	3242
3265	3243
3266	3244
3267	3245
3268	3246
3269	3247
3270	3248
3271	3249
3272	3250
3273	3251
3274	3252
3275	3253
3276	3254
3277	3255
3278	3256
3279	3257
3280	3258
3281	3259
3282	3260
3283	3261
3284	3262
3285	3263
3286	3264
3287	3265
3288	3266
3289	3267
3290	3268
3291	3269
3292	3270
3293	3271
3294	3272
3295	3273
3296	3274
3297	3275
3298	3276
3299	3277
3300	3278
3301	3279
3302	3280
3303	3281
3304	3282
3305	3283
3306	3284
3307	3285
3308	3286
3309	3287
3310	3288
3311	3289
3312	3290
3313	3291
3314	3292
3315	3293
3316	3294
3317	3295
3318	3296
3319	3297
3320	3300
3321	3301
3322	3302
3323	3303
3324	3303
3325	3304
3326	3305
3327	3306
3328	3307
3329	3308
3330	3309
3331	3310
3332	3311
3333	3312
3334	3313
3335	3314
3336	3315
3337	3316
3338	3318
3339	3319
3340	3320
3341	3321
3342	3322
3343	3323
3344	3324
3345	3325
3346	3326
3347	3327
3348	3328
3349	3329
3350	3330
3351	3331
3352	3332
3353	3333
3354	3334
3355	3336
3356	3337
3357	3338
3358	3339
3359	3340
3360	3341
3361	3342
3362	3343
3363	3344
3364	3345
3365	3346
3366	3347
3367	3348
3368	3349
3369	3350
3370	3351
3371	3352
3372	3353
3373	3354
3374	3355
3375	3356
3376	3357
3377	3358
3378	3359
3379	3359
3380	3360
3381	3361
3382	3362
3383	3363
3384	3364
3385	3365
3386	3366
3387	3367
3388	3368
3389	3369
3390	3370
3391	3371
3392	3372
3393	3373
3394	3374
3395	3375
3396	3376
3397	3377
3398	3378
3399	3379
3400	3380
3401	3381
3402	3382
3403	3383
3404	3384
3405	3385
3406	3386
3407	3387
3408	3388
3409	3389
3410	3390
3411	3391
3412	3392
3413	3393
3414	3394
3415	3395
3416	3396
3417	3397
3418	3398
3419	3399
3420	3400
3421	3401
3422	3402
3423	3403
3424	3404
3425	3405
3426	3406
3427	3407
3428	3408
3429	3409
3430	3410
3431	3411
3432	3412
3433	3413
3434	3414
3435	3415
3436	3416
3437	3417
3438	3418
3439	3419
3440	3420
3441	3421
3442	3422
3443	3423
3444	3424
3445	3425
3446	3426
3447	3427
3448	3428
3449	3429
3450	3430
3451	3431
3452	3432
3453	3433
3454	3434
3455	3435
3456	3436
3457	3437
3458	3438
3459	3439
3460	3440
3461	3441
3462	3442
3463	3443
3464	3444
3465	3445
3466	3446
3467	3447
3468	3448
3469	3449
3470	3450
3471	3451
3472	3452
3473	3453
3474	3454
3475	3455
3476	3456
3477	3457
3478	3458
3479	3459
3480	3460
3481	3461
3482	3462
3483	3463
3484	3464
3485	3465
3486	3466
3487	3467
3488	3468
3489	3469
3490	3470
3491	3471
3492	3472
3493	3473
3494	3474
3495	3475
3496	3476
3497	3477
3498	3478
3499	3479
3500	3480
3501	3481
3502	3482
3503	3483
3504	3484
3505	3485
3506	3486
3507	3487
3508	3488
3509	3489
3510	3490
3511	3491
3512	3492
3513	3493
3514	3494
3515	3495
3516	3496
3517	3497
3518	3498
3519	3499
3520	3500
3521	3501
3522	3502
3523	3503
3524	3504
3525	3505
3526	3506
3527	3507
3528	3508
3529	3509
3530	3510
3531	3511
3532	3512
3533	3513
3534	3514
3535	3515
3536	3516
3537	3517
3538	3518
3539	3519
3540	3520
3541	3521
3542	3522
3543	3523
3544	3524
3545	3525
3546	3526
3547	3527
3548	3528
3549	3529
3550	3530
3551	3531
3552	3532
3553	3533
3554	3534
3555	3535
3556	3536
3557	3537
3558	3538
3559	3539
3560	3540
3561	3541
3562	3542
3563	3543
3564	3544
3565	3545
3566	3546
3567	3547
3568	3548
3569	3549
3570	3550
3571	3551
3572	3551
3573	3552
3574	3553
3575	3554
3576	3555
3577	3556
3578	3557
3579	3558
3580	3559
3581	3560
3582	3561
3583	3562
3584	3563
3585	3564
3586	3565
3587	3566
3588	3567
3589	3568
3590	3569
3591	3570
3592	3571
3593	3572
3594	3573
3595	3574
3596	3575
3597	3576
3598	3577
3599	3578
3600	3579
3601	3580
3602	3581
3603	3582
3604	3583
3605	3584
3606	3585
3607	3586
3608	3587
3609	3588
3610	3589
3611	3590
3612	3591
3613	3592
3614	3593
3615	3594
3616	3595
3617	3596
3618	3597
3619	3598
3620	3599
3621	3600
3622	3601
3623	3602
3624	3603
3625	3604
3626	3605
3627	3606
3628	3607
3629	3608
3630	3609
3631	3610
3632	3611
3633	3612
3634	3613
3635	3614
3636	3615
3637	3616
3638	3617
3639	3618
3640	3619
3641	3620
3642	3621
3643	3622
3644	3623
3645	3624
3646	3625
3647	3626
3648	3627
3649	3628
3650	3629
3651	3630
3652	3631
3653	3632
3654	3633
3655	3634
3656	3635
3657	3636
3658	3637
3659	3638
3660	3639
3661	3640
3662	3641
3663	3642
3664	3643
3665	3644
3666	3645
3667	3646
3668	3647
3669	3648
3670	3649
3671	3650
3672	3651
3673	3652
3674	3653
3675	3654
3676	3655
3677	3656
3678	3657
3679	3658
3680	3659
3681	3660
3682	3661
3683	3662
3684	3663
3685	3664
3686	3665
3687	3666
3688	3667
3689	3668
3690	3669
3691	3670
3692	3671
3693	3672
3694	3673
3695	3674
3696	3675
3697	3676
3698	3677
3699	3678
3700	3679
3701	3680
3702	3681
3703	3682
3704	3683
3705	3684
3706	3685
3707	3686
3708	3687
3709	3688
3710	3689
3711	3690
3712	3691
3713	3692
3714	3693
3715	3694
3716	3695
3717	3696
3718	3697
3719	3698
3720	3699
3721	3700
3722	3701
3723	3702
3724	3703
3725	3704
3726	3705
3727	3706
3728	3707
3729	3708
3730	3709
3731	3710
3732	3711
3733	3712
3734	3713
3735	3714
3736	3715
3737	3716
3738	3717
3739	3718
3740	3719
3741	3720
3742	3721
3743	3722
3744	3723
3745	3724
3746	3725
3747	3726
3748	3727
3749	3728
3750	3729
3751	3730
3752	3731
3753	3732
3754	3733
3755	3734
3756	3735
3757	3736
3758	3737
3759	3738
3760	3739
3761	3740
3762	3741
3763	3742
3764	3743
3765	3744
3766	3745
3767	3746
3768	3747
3769	3748
3770	3749
3771	3750
3772	3751
3773	3752
3774	3753
3775	3754
3776	3755
3777	3756
3778	3757
3779	3758
3780	3759
3781	3760
3782	3761
3783	3762
3784	3763
3785	3764
3786	3765
3787	3766
3788	3767
3789	3768
3790	3769
3791	3770
3792	3771
3793	3772
3794	3773
3795	3774
3796	3775
3797	3776
3798	3777
3799	3778
3800	3779
3801	3780
3802	3781
3803	3782
3804	3783
3805	3784
3806	3785
3807	3786
3808	3787
3809	3788
3810	3789
3811	3790
3812	3791
3813	3792
3814	3793
3815	3794
3816	3795
3817	3796
3818	3797
3819	3798
3820	3799
3821	3800
3822	3801
3823	3802
3824	3803
3825	3804
3826	3805
3827	3806
3828	3807
3829	3808
3830	3809
3831	3810
3832	3811
3833	3812
3834	3813
3835	3814
3836	3815
3837	3816
3838	3817
3839	3818
3840	3819
3841	3820
3842	3821
3843	3822
3844	3823
3845	3824
3846	3825
3847	3826
3848	3827
3849	3828
3850	3829
3851	3830
3852	3831
3853	3832
3854	3833
3855	3834
3856	3835
3857	3836
3858	3837
3859	3838
3860	3839
3861	3840
3862	3841
3863	3842
3864	3843
3865	3844
3866	3845
3867	3846
3868	3847
3869	3848
3870	3849
3871	3850
3872	3851
3873	3852
3874	3853
3875	3854
3876	3855
3877	3856
3878	3857
3879	3858
3880	3859
3881	3860
3882	3861
3883	3862
3884	3863
3885	3864
3886	3865
3887	3866
3888	3867
3889	3868
3890	3869
3891	3870
3892	3871
3893	3872
3894	3873
3895	3874
3896	3875
3897	3876
3898	3877
3899	3878
3900	3879
3901	3880
3902	3881
3903	3882
3904	3883
3905	3884
3906	3885
3907	3886
3908	3887
3909	3888
3910	3889
3911	3890
3912	3891
3913	3892
3914	3893
3915	3894
3916	3895
3917	3896
3918	3897
3919	3898
3920	3899
3921	3900
3922	3901
3923	3902
3924	3903
3925	3904
3926	3905
3927	3906
3928	3907
3929	3908
3930	3909
3931	3910
3932	3911
3933	3912
3934	3913
3935	3914
3936	3915
3937	3916
3938	3917
3939	3918
3940	3919
3941	3920
3942	3921
3943	3922
3944	3923
3945	3924
3946	3925
3947	3926
3948	3927
3949	3928
3950	3929
3951	3930
3952	3931
3953	3932
3954	3933
3955	3934
3956	3935
3957	3936
3958	3937
3959	3938
3960	3939
3961	3940
3962	3941
3963	3942
3964	3943
3965	3944
3966	3945
3967	3946
3968	3947
3969	3948
3970	3949
3971	3950
3972	3951
3973	3952
3974	3953
3975	3954
3976	3955
3977	3956
3978	3957
3979	3958
3980	3959
3981	3960
3982	3961
3983	3962
3984	3963
3985	3964
3986	3965
3987	3966
3988	3967
3989	3968
3990	3969
3991	3970
3992	3971
3993	3972
3994	3973
3995	3974
3996	3975
3997	3976
3998	3977
3999	3978
4000	3979
4001	3980
4002	3981
4003	3982
4004	3983
4005	3984
4006	3985
4007	3986
4008	3987
4009	3988
4010	3989
4011	3990
4012	3991
4013	3992
4014	3993
4015	3994
4016	3995
4017	3996
4018	3997
4019	3998
4020	3999
4021	4000
4022	4001
4023	4002
4024	4002
4025	4003
4026	4004
4027	4005
4028	4006
4029	4007
4030	4008
4031	4009
4032	4010
4033	4011
4034	4012
4035	4013
4036	4014
4037	4015
4038	4016
4039	4017
4040	4018
4041	4019
4042	4020
4043	4021
4044	4022
4045	4023
4046	4024
4047	4025
4048	4026
4049	4027
4050	4028
4051	4029
4052	4030
4053	4031
4054	4032
4055	4033
4056	4034
4057	4035
4058	4036
4059	4037
4060	4038
4061	4039
4062	4040
4063	4041
4064	4042
4065	4043
4066	4044
4067	4045
4068	4046
4069	4047
4070	4048
4071	4049
4072	4050
4073	4051
4074	4052
4075	4053
4076	4054
4077	4055
4078	4056
4079	4057
4080	4058
4081	4059
4082	4060
4083	4061
4084	4062
4085	4063
4086	4064
4087	4065
4088	4066
4089	4067
4090	4068
4091	4069
4092	4070
4093	4071
4094	4072
4095	4073
4096	4074
4097	4075
4098	4076
4099	4077
4100	4077
4101	4078
4102	4079
4103	4080
4104	4081
4105	4082
4106	4083
4107	4084
4108	4085
4109	4086
4110	4087
4111	4088
4112	4089
4113	4090
4114	4091
4115	4092
4116	4093
4117	4094
4118	4095
4119	4096
4120	4097
4121	4098
4122	4099
4123	4100
4124	4101
4125	4102
4126	4103
4127	4104
4128	4105
4129	4106
4130	4107
4131	4108
4132	4109
4133	4110
4134	4111
4135	4112
4136	4112
4137	4112
4138	4112
4139	4112
4140	4112
4141	4112
4142	4112
4143	4113
4144	4114
4145	4115
4146	4116
4147	4117
4148	4118
4149	4119
4150	4120
4151	4121
4152	4122
4153	4123
4154	4124
4155	4125
4156	4126
4157	4127
4158	4128
4159	4129
4160	4130
4161	4131
4162	4132
4163	4133
4164	4134
4165	4135
4166	4136
4167	4137
4168	4138
4169	4139
4170	4140
4171	4141
4172	4142
4173	4143
4174	4144
4175	4145
4176	4146
4177	4147
4178	4148
4179	4149
4180	4150
4181	4151
4182	4152
4183	4153
4184	4154
4185	4155
4186	4156
4187	4157
4188	4158
4189	4159
4190	4160
4191	4161
4192	4162
4193	4163
4194	4164
4195	4165
4196	4166
4197	4167
4198	4168
4199	4169
4200	4170
4201	4171
4202	4172
4203	4173
4204	4174
4205	4175
4206	4176
4207	4177
4208	4178
4209	4179
4210	4180
4211	4181
4212	4182
4213	4183
4214	4184
4215	4185
4216	4186
4217	4187
4218	4188
4219	4189
4220	4190
4221	4191
4222	4192
4223	4193
4224	4194
4225	4195
4226	4196
4227	4197
4228	4198
4229	4199
4230	4200
4231	4201
4232	4202
4233	4203
4234	4204
4235	4205
4236	4206
4237	4207
4238	4208
4239	4209
4240	4210
4241	4211
4242	4212
4243	4213
4244	4214
4245	4215
4246	4216
4247	4217
4248	4218
4249	4219
4250	4220
4251	4221
4252	4222
4253	4223
4254	4224
4255	4225
4256	4226
4257	4227
4258	4228
4259	4229
4260	4230
4261	4231
4262	4232
4263	4233
4264	4234
4265	4235
4266	4236
4267	4237
4268	4238
4269	4239
4270	4240
4271	4241
4272	4242
4273	4243
4274	4244
4275	4245
4276	4246
4277	4247
4278	4248
4279	4249
4280	4250
4281	4251
4282	4252
4283	4253
4284	4254
4285	4255
4286	4256
4287	4257
4288	4258
4289	4259
4290	4260
4291	4261
4292	4262
4293	4263
4294	4264
4295	4265
4296	4266
4297	4267
4298	4268
4299	4269
4300	4270
4301	4271
4302	4272
4303	4273
4304	4274
4305	4275
4306	4276
4307	4277
4308	4278
4309	4279
4310	4280
4311	4281
4312	4282
4313	4283
4314	4284
4315	4285
4316	4286
4317	4287
4318	4288
4319	4289
4320	4290
4321	4291
4322	4292
4323	4293
4324	4294
4325	4295
4326	4296
4327	4297
4328	4298
4329	4299
4330	4300
4331	4301
4332	4302
4333	4303
4334	4304
4335	4305
4336	4306
4337	4307
4338	4308
4339	4309
4340	4310
4341	4311
4342	4312
4343	4313
4344	4314
4345	4315
4346	4316
4347	4317
4348	4318
4349	4319
4350	4320
4351	4321
4352	4322
4353	4323
4354	4324
4355	4325
4356	4326
4357	4327
4358	4328
4359	4329
4360	4330
4361	4331
4362	4332
4363	4333
4364	4334
4365	4335
4366	4336
4367	4337
4368	4338
4369	4339
4370	4340
4371	4341
4372	4342
4373	4343
4374	4344
4375	4345
4376	4346
4377	4347
4378	4348
4379	4349
4380	4350
4381	4351
4382	4352
4383	4353
4384	4354
4385	4355
4386	4356
4387	4357
4388	4358
4389	4359
4390	4360
4391	4361
4392	4362
4393	4363
4394	4364
4395	4365
4396	4366
4397	4367
4398	4368
4399	4369
4400	4370
4401	4371
4402	4372
4403	4373
4404	4374
4405	4375
4406	4376
4407	4377
4408	4378
4409	4379
4410	4380
4411	4381
4412	4382
4413	4383
4414	4384
4415	4385
4416	4386
4417	4387
4418	4388
4419	4389
4420	4390
4421	4391
4422	4392
4423	4393
4424	4394
4425	4395
4426	4396
4427	4397
4428	4398
4429	4399
4430	4400
4431	4401
4432	4402
4433	4403
4434	4404
4435	4405
4436	4406
4437	4407
4438	4408
4439	4409
4440	4410
4441	4411
4442	4412
4443	4413
4444	4414
4445	4415
4446	4416
4447	4417
4448	4418
4449	4419
4450	4420
4451	4421
4452	4422
4453	4423
4454	4424
4455	4425
4456	4426
4457	4427
4458	4428
4459	4429
4460	4430
4461	4431
4462	4432
4463	4433
4464	4434
4465	4435
4466	4436
4467	4437
4468	4438
4469	4439
4470	4440
4471	4441
4472	4442
4473	4443
4474	4444
4475	4445
4476	4446
4477	4447
4478	4448
4479	4449
4480	4450
4481	4451
4482	4452
4483	4453
4484	4454
4485	4455
4486	4456
4487	4457
4488	4458
4489	4459
4490	4460
4491	4461
4492	4462
4493	4463
4494	4464
4495	4465
4496	4466
4497	4467
4498	4468
4499	4469
4500	4470
4501	4471
4502	4472
4503	4473
4504	4474
4505	4475
4506	4476
4507	4477
4508	4478
4509	4479
4510	4480
4511	4481
4512	4482
4513	4483
4514	4484
4515	4485
4516	4486
4517	4487
4518	4488
4519	4489
4520	4490
4521	4491
4522	4492
4523	4493
4524	4494
4525	4495
4526	4496
4527	4497
4528	4498
4529	4499
4530	4500
4531	4501
4532	4502
4533	4503
4534	4504
4535	4505
4536	4506
4537	4507
4538	4508
4539	4509
4540	4510
4541	4511
4542	4512
4543	4513
4544	4514
4545	4515
4546	4516
4547	4517
4548	4518
4549	4519
4550	4520
4551	4521
4552	4522
4553	4523
4554	4524
4555	4525
4556	4526
4557	4527
4558	4528
4559	4529
4560	4530
4561	4531
4562	4532
4563	4533
4564	4534
4565	4535
4566	4536
4567	4537
4568	4538
4569	4539
4570	4540
4571	4541
4572	4542
4573	4543
4574	4544
4575	4545
4576	4546
4577	4547
4578	4548
4579	4549
4580	4550
4581	4551
4582	4552
4583	4553
4584	4554
4585	4555
4586	4556
4587	4557
4588	4558
4589	4559
4590	4560
4591	4561
4592	4562
4593	4563
4594	4564
4595	4565
4596	4566
4597	4567
4598	4568
4599	4569
4600	4570
4601	4571
4602	4572
4603	4573
4604	4574
4605	4575
4606	4576
4607	4577
4608	4578
4609	4579
4610	4580
4611	4581
4612	4582
4613	4583
4614	4584
4615	4585
4616	4586
4617	4587
4618	4588
4619	4589
4620	4590
4621	4591
4622	4592
4623	4593
4624	4594
4625	4595
4626	4596
4627	4597
4628	4598
4629	4599
4630	4600
4631	4601
4632	4602
4633	4603
4634	4604
4635	4605
4636	4606
4637	4607
4638	4608
4639	4609
4640	4610
4641	4611
4642	4612
4643	4613
4644	4614
4645	4615
4646	4616
4647	4617
4648	4618
4649	4619
4650	4620
4651	4621
4652	4622
4653	4623
4654	4624
4655	4625
4656	4626
4657	4627
4658	4628
4659	4629
4660	4630
4661	4631
4662	4632
4663	4633
4664	4634
4665	4635
4666	4636
4667	4637
4668	4638
4669	4639
4670	4640
4671	4641
4672	4642
4673	4643
4674	4644
4675	4645
4676	4646
4677	4647
4678	4648
4679	4649
4680	4650
4681	4651
4682	4652
4683	4653
4684	4654
4685	4655
4686	4656
4687	4657
4688	4658
4689	4659
4690	4660
4691	4661
4692	4662
4693	4663
4694	4664
4695	4665
4696	4666
4697	4667
4698	4668
4699	4669
4700	4670
4701	4671
4702	4672
4703	4673
4704	4674
4705	4675
4706	4676
4707	4677
4708	4678
4709	4679
4710	4680
4711	4681
4712	4682
4713	4683
4714	4684
4715	4685
4716	4686
4717	4687
4718	4688
4719	4689
4720	4690
4721	4690
4722	4691
4723	4692
4724	4693
4725	4694
4726	4695
4727	4696
4728	4697
4729	4698
4730	4699
4731	4700
4732	4701
4733	4702
4734	4703
4735	4704
4736	4705
4737	4706
4738	4707
4739	4708
4740	4709
4741	4710
4742	4711
4743	4712
4744	4713
4745	4714
4746	4715
4747	4716
4748	4717
4749	4718
4750	4719
4751	4720
4752	4721
4753	4722
4754	4723
4755	4724
4756	4725
4757	4726
4758	4727
4759	4728
4760	4729
4761	4730
4762	4731
4763	4732
4764	4733
4765	4734
4766	4735
4767	4736
4768	4737
4769	4738
4770	4739
4771	4740
4772	4741
4773	4742
4774	4743
4775	4744
4776	4745
4777	4746
4778	4747
4779	4748
4780	4749
4781	4750
4782	4751
4783	4752
4784	4753
4785	4754
4786	4755
4787	4756
4788	4757
4789	4758
4790	4759
4791	4760
4792	4761
4793	4762
4794	4763
4795	4764
4796	4765
4797	4766
4798	4766
4799	4767
4800	4768
4801	4769
4802	4770
4803	4771
4804	4772
4805	4773
4806	4774
4807	4775
4808	4776
4809	4777
4810	4778
4811	4779
4812	4780
4813	4781
4814	4782
4815	4783
4816	4784
4817	4785
4818	4786
4819	4787
4820	4788
4821	4788
4822	4788
4823	4788
4824	4789
4825	4790
4826	4791
4827	4792
4828	4793
4829	4794
4830	4795
4831	4796
4832	4797
4833	4798
4834	4799
4835	4800
4836	4801
4837	4802
4838	4803
4839	4804
4840	4805
4841	4806
4842	4807
4843	4808
4844	4809
4845	4810
4846	4811
4847	4812
4848	4813
4849	4814
4850	4815
4851	4816
4852	4817
4853	4818
4854	4819
4855	4820
4856	4821
4857	4822
4858	4823
4859	4824
4860	4825
4861	4826
4862	4827
4863	4828
4864	4829
4865	4830
4866	4831
4867	4832
4868	4833
4869	4834
4870	4835
4871	4836
4872	4837
4873	4838
4874	4839
4875	4840
4876	4841
4877	4842
4878	4843
4879	4844
4880	4845
4881	4846
4882	4847
4883	4848
4884	4849
4885	4850
4886	4851
4887	4852
4888	4853
4889	4854
4890	4855
4891	4856
4892	4857
4893	4858
4894	4859
4895	4860
4896	4861
4897	4862
4898	4863
4899	4864
4900	4865
4901	4866
4902	4867
4903	4868
4904	4869
4905	4870
4906	4871
4907	4872
4908	4873
4909	4874
4910	4875
4911	4876
4912	4877
4913	4878
4914	4879
4915	4880
4916	4881
4917	4882
4918	4883
4919	4884
4920	4885
4921	4886
4922	4887
4923	4888
4924	4889
4925	4890
4926	4891
4927	4892
4928	4893
4929	4894
4930	4895
4931	4896
4932	4897
4933	4898
4934	4899
4935	4900
4936	4901
4937	4902
4938	4903
4939	4904
4940	4905
4941	4906
4942	4907
4943	4908
4944	4909
4945	4910
4946	4911
4947	4912
4948	4913
4949	4914
4950	4915
4951	4916
4952	4917
4953	4918
4954	4919
4955	4920
4956	4921
4957	4922
4958	4923
4959	4924
4960	4925
4961	4926
4962	4927
4963	4928
4964	4929
4965	4930
4966	4931
4967	4932
4968	4933
4969	4934
4970	4935
4971	4936
4972	4937
4973	4938
4974	4939
4975	4940
4976	4941
4977	4942
4978	4943
4979	4944
4980	4945
4981	4946
4982	4947
4983	4948
4984	4949
4985	4950
4986	4951
4987	4952
4988	4953
4989	4954
4990	4955
4991	4956
4992	4957
4993	4958
4994	4959
4995	4960
4996	4961
4997	4962
4998	4963
4999	4964
5000	4965
5001	4966
5002	4967
5003	4968
5004	4969
5005	4970
5006	4971
5007	4972
5008	4973
5009	4974
5010	4975
5011	4976
5012	4977
5013	4978
5014	4979
5015	4980
5016	4981
5017	4982
5018	4983
5019	4984
5020	4985
5021	4986
5022	4987
5023	4988
5024	4989
5025	4990
5026	4991
5027	4992
5028	4993
5029	4994
5030	4995
5031	4996
5032	4997
5033	4998
5034	4999
5035	5000
5036	5001
5037	5002
5038	5003
5039	5004
5040	5005
5041	5006
5042	5007
5043	5008
5044	5009
5045	5010
5046	5011
5047	5012
5048	5013
5049	5014
5050	5015
5051	5016
5052	5017
5053	5018
5054	5019
5055	5020
5056	5021
5057	5022
5058	5023
5059	5024
5060	5025
5061	5026
5062	5027
5063	5028
5064	5029
5065	5030
5066	5031
5067	5032
5068	5033
5069	5034
5070	5035
